L	-0.0541	3.7181	1477010463850000	0.0813	3.5437	0.2182	0.9759
L	0.4533	4.3210	1477010464650000	0.3575	4.2923	0.4540	0.8910
L	0.7358	4.7697	1477010465450000	0.8112	4.9487	0.6613	0.7501
L	1.6120	5.6334	1477010466250000	1.4138	5.4717	0.8271	0.5621
L	2.0753	5.7984	1477010467050000	2.1276	5.8283	0.9409	0.3387
L	2.9294	5.7673	1477010467850000	2.9076	5.9962	0.9956	0.0941
L	3.4893	5.6769	1477010468650000	3.7049	5.9649	0.9877	-0.1565
L	4.4921	5.5606	1477010469450000	4.4693	5.7363	0.9177	-0.3972
L	5.1918	5.0558	1477010470250000	5.1529	5.3248	0.7901	-0.6129
L	6.0274	4.6574	1477010471050000	5.7127	4.7561	0.6129	-0.7902
R	6.7262	0.5820	-0.1412	1477010471450000	5.9347	4.4238	0.5090	-0.8608
L	6.4371	4.0171	1477010471850000	6.1134	4.0662	0.3971	-0.9178
R	7.5638	0.5249	-0.0800	1477010472250000	6.2459	3.6890	0.2790	-0.9603
L	6.2920	3.4002	1477010472650000	6.3300	3.2982	0.1564	-0.9877
R	7.2982	0.4670	-0.5565	1477010473050000	6.3645	2.9000	0.0314	-0.9995
L	6.2834	2.5594	1477010473450000	6.3488	2.5005	-0.0941	-0.9956
R	6.3693	0.3360	-1.0335	1477010473850000	6.2832	2.1062	-0.2182	-0.9759
L	6.2803	1.5955	1477010474250000	6.1686	1.7232	-0.3388	-0.9409
R	6.3137	0.2393	0.2252	1477010474650000	6.0070	1.3576	-0.4540	-0.8910
L	5.9284	1.0645	1477010475050000	5.8008	1.0152	-0.5621	-0.8271
R	5.4789	0.1321	-0.4494	1477010475450000	5.5533	0.7013	-0.6613	-0.7501
L	5.2209	0.5115	1477010475850000	5.2685	0.4208	-0.7501	-0.6613
R	4.2111	0.0338	-0.7977	1477010476250000	4.9507	0.1783	-0.8271	-0.5621
L	4.7674	-0.1812	1477010476650000	4.6050	-0.0225	-0.8910	-0.4540
R	4.1276	-0.0410	-0.8903	1477010477050000	4.2369	-0.1783	-0.9409	-0.3387
L	3.9545	-0.3912	1477010477450000	3.8522	-0.2868	-0.9759	-0.2181
R	3.7659	-0.0966	-0.9641	1477010477850000	3.4569	-0.3463	-0.9956	-0.0941
L	3.0000	-0.6862	1477010478250000	3.0573	-0.3557	-0.9995	0.0314
R	2.7087	-0.1094	-1.6850	1477010478650000	2.6596	-0.3149	-0.9877	0.1564
L	2.0965	-0.3228	1477010479050000	2.2702	-0.2247	-0.9603	0.2790
R	1.8706	-0.0839	-0.7789	1477010479450000	1.8952	-0.0863	-0.9178	0.3971
L	1.6170	0.0501	1477010479850000	1.5404	0.0979	-0.8607	0.5090
R	1.6583	0.2446	-0.1251	1477010480250000	1.2116	0.3252	-0.7902	0.6129
L	1.3608	0.4839	1477010480650000	0.9138	0.5919	-0.7071	0.7071
R	0.5388	0.9316	0.2791	1477010481050000	0.6518	0.8938	-0.6129	0.7902
L	0.2823	1.4249	1477010481450000	0.4297	1.2262	-0.5090	0.8607
R	1.9203	1.3822	0.6149	1477010481850000	0.2511	1.5838	-0.3971	0.9178
L	0.1646	1.8514	1477010482250000	0.1186	1.9610	-0.2790	0.9603
R	1.9433	1.5573	1.0472	1477010482650000	0.0345	2.3517	-0.1564	0.9877
L	-0.0085	2.6193	1477010483050000	0.0000	2.7500	-0.0314	0.9995
