L	-0.2102	2.8588	1477010443000000	0.0000	2.7500	0.0000	1.0000
R	3.5517	1.6094	0.1508	1477010443400000	-0.0220	3.0991	-0.1097	0.9940
L	0.1772	3.4385	1477010443800000	-0.0938	3.4924	-0.2334	0.9724
R	4.0454	1.6294	1.0695	1477010444200000	-0.2143	3.8735	-0.3535	0.9354
L	-0.5873	4.2079	1477010444600000	-0.3817	4.2365	-0.4679	0.8838
R	4.8598	1.6909	1.3239	1477010445000000	-0.5932	4.5757	-0.5750	0.8181
L	-0.6410	4.8488	1477010445400000	-0.8456	4.8857	-0.6730	0.7396
R	4.9859	1.7950	1.2549	1477010445800000	-1.1348	5.1616	-0.7604	0.6494
L	-1.3765	5.2873	1477010446200000	-1.4564	5.3991	-0.8358	0.5490
R	6.0413	1.9027	0.1538	1477010446600000	-1.8051	5.5945	-0.8980	0.4399
L	-2.3088	5.7256	1477010447000000	-2.1756	5.7445	-0.9461	0.3239
R	6.6210	1.9810	0.8895	1477010447400000	-2.5620	5.8470	-0.9792	0.2028
L	-2.8481	5.6817	1477010447800000	-2.9582	5.9002	-0.9969	0.0785
R	6.2764	2.0349	0.6478	1477010448200000	-3.3579	5.9033	-0.9989	-0.0471
L	-3.7885	5.6829	1477010448600000	-3.7549	5.8563	-0.9851	-0.1719
R	6.1461	2.1886	0.1421	1477010449000000	-4.1429	5.7600	-0.9558	-0.2940
L	-4.5139	5.6716	1477010449400000	-4.5157	5.6157	-0.9114	-0.4115
R	6.7145	2.2620	0.3953	1477010449800000	-4.8675	5.4259	-0.8526	-0.5225
L	-5.0083	5.0265	1477010450200000	-5.1927	5.1935	-0.7804	-0.6252
R	7.2357	2.4490	-0.3368	1477010450600000	-5.4863	4.9222	-0.6959	-0.7181
L	-5.5025	4.4960	1477010451000000	-5.7435	4.6162	-0.6004	-0.7997
R	7.4727	2.4396	0.0016	1477010451400000	-5.9603	4.2804	-0.4955	-0.8686
L	-6.1349	3.8905	1477010451800000	-6.1333	3.9200	-0.3827	-0.9239
R	6.7010	2.6526	-0.4765	1477010452200000	-6.2599	3.5408	-0.2639	-0.9646
L	-6.3020	2.9821	1477010452600000	-6.3378	3.1487	-0.1409	-0.9900
R	7.4834	2.7968	-0.4403	1477010453000000	-6.3661	2.7500	-0.0157	-0.9999
L	-6.3941	2.3573	1477010453400000	-6.3441	2.3509	0.1097	-0.9940
R	7.1268	2.7950	-0.2230	1477010453800000	-6.2723	1.9576	0.2334	-0.9724
L	-6.1219	1.6903	1477010454200000	-6.1518	1.5765	0.3535	-0.9355
R	6.3295	2.9895	-1.3663	1477010454600000	-5.9844	1.2135	0.4679	-0.8838
L	-5.9021	0.8403	1477010455000000	-5.7729	0.8743	0.5750	-0.8182
R	5.8285	3.0672	-0.1557	1477010455400000	-5.5205	0.5643	0.6730	-0.7396
L	-4.8902	0.4091	1477010455800000	-5.2312	0.2884	0.7604	-0.6495
R	4.7681	3.1705	-0.0782	1477010456200000	-4.9097	0.0509	0.8358	-0.5490
L	-4.4388	-0.1579	1477010456600000	-4.5609	-0.1444	0.8980	-0.4400
R	4.3889	-3.0724	-1.2536	1477010457000000	-4.1904	-0.2945	0.9461	-0.3239
L	-3.8853	-0.4655	1477010457400000	-3.8040	-0.3970	0.9792	-0.2028
R	3.0120	-3.0725	-0.9717	1477010457800000	-3.4079	-0.4502	0.9969	-0.0785
L	-3.1590	-0.4705	1477010458200000	-3.0081	-0.4533	0.9989	0.0471
R	3.1239	-3.0053	-0.9011	1477010458600000	-2.6112	-0.4063	0.9851	0.1719
L	-2.1045	-0.4145	1477010459000000	-2.2232	-0.3100	0.9558	0.2940
R	2.2745	-3.0489	-1.0478	1477010459400000	-1.8504	-0.1657	0.9114	0.4115
L	-1.5435	-0.1655	1477010459800000	-1.4986	0.0241	0.8527	0.5225
R	1.2113	2.9126	-0.5613	1477010460200000	-1.1734	0.2565	0.7804	0.6252
L	-1.1479	1.0318	1477010460600000	-0.8798	0.5278	0.6959	0.7181
R	0.7291	2.2466	0.6253	1477010461000000	-0.6226	0.8338	0.6004	0.7997
L	-0.4629	1.1022	1477010461400000	-0.4058	1.1697	0.4955	0.8686
R	1.8723	1.7578	1.0653	1477010461800000	-0.2327	1.5300	0.3827	0.9239
L	-0.1810	2.0432	1477010462200000	-0.1062	1.9092	0.2639	0.9645
R	2.5103	1.5903	0.8904	1477010462600000	-0.0282	2.3013	0.1409	0.9900
L	-0.0999	2.7828	1477010463000000	0.0000	2.7000	0.0157	0.9999
R	2.5104	1.5716	0.9836	1477010463400000	0.0110	3.0997	0.0785	0.9969
L	0.1270	3.5584	1477010463800000	0.0704	3.4949	0.2028	0.9792
R	3.5390	1.5185	1.1911	1477010464200000	0.1789	3.8797	0.3240	0.9461
L	0.2251	4.2347	1477010464600000	0.3348	4.2478	0.4400	0.8980
R	5.1002	1.4643	0.5995	1477010465000000	0.5356	4.5934	0.5491	0.8358
L	0.7764	5.0848	1477010465400000	0.7781	4.9112	0.6495	0.7604
R	5.5765	1.3624	0.8262	1477010465800000	1.0585	5.1961	0.7397	0.6730
L	1.2757	5.5357	1477010466200000	1.3724	5.4436	0.8182	0.5750
R	5.8990	1.3162	0.9002	1477010466600000	1.7149	5.6497	0.8838	0.4679
L	1.8304	5.8733	1477010467000000	2.0805	5.8114	0.9355	0.3534
R	6.4403	1.1129	0.1468	1477010467400000	2.4635	5.9259	0.9724	0.2334
L	2.7767	6.0101	1477010467800000	2.8578	5.9915	0.9940	0.1097
R	6.7229	1.0873	0.3197	1477010468200000	3.2572	6.0072	0.9999	-0.0157
L	3.7107	6.1857	1477010468600000	3.6555	5.9727	0.9900	-0.1409
R	7.0159	0.9500	0.2543	1477010469000000	4.0463	5.8886	0.9646	-0.2639
L	4.4332	5.6976	1477010469400000	4.4234	5.7562	0.9239	-0.3827
R	7.4750	0.8905	0.6278	1477010469800000	4.7810	5.5775	0.8686	-0.4955
L	5.1522	5.2927	1477010470200000	5.1134	5.3554	0.7997	-0.6004
R	7.2445	0.6957	-0.4613	1477010470600000	5.4153	5.0934	0.7181	-0.6959
L	5.7200	4.9054	1477010471000000	5.6820	4.7956	0.6252	-0.7804
R	7.1661	0.6680	0.0228	1477010471400000	5.9093	4.4668	0.5225	-0.8527
L	6.1253	4.2184	1477010471800000	6.0936	4.1121	0.4115	-0.9114
R	7.3992	0.5666	-0.2504	1477010472200000	6.2319	3.7370	0.2940	-0.9558
L	6.0186	3.3052	1477010472600000	6.3222	3.3476	0.1719	-0.9851
R	6.9974	0.4337	-0.2836	1477010473000000	6.3629	2.9500	0.0471	-0.9989
L	6.3918	2.3969	1477010473400000	6.3535	2.5503	-0.0785	-0.9969
R	6.3589	0.3301	-0.9854	1477010473800000	6.2941	2.1550	-0.2028	-0.9792
L	6.3133	1.8690	1477010474200000	6.1856	1.7703	-0.3239	-0.9461
R	6.3965	0.2020	-0.6356	1477010474600000	6.0297	1.4022	-0.4400	-0.8980
L	6.0148	1.2561	1477010475000000	5.8289	1.0565	-0.5490	-0.8358
R	5.2828	0.1430	-0.6416	1477010475400000	5.5864	0.7388	-0.6495	-0.7604
L	5.3939	0.2640	1477010475800000	5.3060	0.4539	-0.7396	-0.6730
R	4.6422	-0.0031	-0.7909	1477010476200000	4.9920	0.2064	-0.8182	-0.5750
L	4.8207	0.0482	1477010476600000	4.6496	0.0002	-0.8838	-0.4679
R	4.4662	-0.0047	-0.8715	1477010477000000	4.2840	-0.1614	-0.9354	-0.3535
L	3.9669	-0.2781	1477010477400000	3.9010	-0.2759	-0.9724	-0.2334
R	3.6704	-0.1070	-0.6249	1477010477800000	3.5067	-0.3416	-0.9940	-0.1097
L	3.1621	-0.3854	1477010478200000	3.1072	-0.3573	-0.9999	0.0157
R	2.7129	-0.1178	-0.7468	1477010478600000	2.7090	-0.3228	-0.9900	0.1409
L	2.1740	-0.2280	1477010479000000	2.3182	-0.2386	-0.9646	0.2639
R	1.8914	-0.0012	-0.8355	1477010479400000	1.9410	-0.1062	-0.9239	0.3827
L	1.7229	0.0639	1477010479800000	1.5835	0.0725	-0.8686	0.4955
R	1.5936	0.1677	-0.5851	1477010480200000	1.2511	0.2946	-0.7997	0.6004
L	0.9287	0.8303	1477010480600000	0.9492	0.5566	-0.7181	0.6959
R	0.5978	0.8959	-0.3895	1477010481000000	0.6825	0.8543	-0.6252	0.7804
L	0.4873	1.2114	1477010481400000	0.4552	1.1832	-0.5225	0.8526
R	1.5251	1.3777	0.4978	1477010481800000	0.2709	1.5379	-0.4115	0.9114
L	-0.0467	1.8626	1477010482200000	0.1326	1.9129	-0.2940	0.9558
R	2.7273	1.5095	0.9915	1477010482600000	0.0423	2.3024	-0.1719	0.9851
L	0.3295	2.7022	1477010483000000	0.0016	2.7000	-0.0471	0.9989
