time_stamp	px_state	py_state	v_state	yaw_angle_state	yaw_rate_state	sensor_type	NIS	px_measured	py_measured	px_ground_truth	py_ground_truth	vx_ground_truth	vy_ground_truth
1477010443000000	-0.2102	2.8588	0	0	0	lidar	0	-0.2102	2.8588	0	2.75	0	1
1477010443400000	-0.14944	3.29202	0.0161005	-2.24944e-17	7.34958e-18	radar	0.225952	-0.137075	3.54905	-0.022	3.0991	-0.1097	0.994
1477010443800000	0.13011	3.41665	0.63258	0.00224783	0.00162717	lidar	0.817657	0.1772	3.4385	-0.0938	3.4924	-0.2334	0.9724
1477010444200000	-0.120045	3.59331	0.279851	1.42797	0.948477	radar	13.1386	-0.23694	4.03846	-0.2143	3.8735	-0.3535	0.9354
1477010444600000	-0.249356	4.00131	0.619419	2.45665	1.08679	lidar	12.1044	-0.5873	4.2079	-0.3817	4.2365	-0.4679	0.8838
1477010445000000	-0.497104	4.47919	1.04343	1.3605	0.422732	radar	7.34365	-0.582277	4.82479	-0.5932	4.5757	-0.575	0.8181
1477010445400000	-0.603683	4.83861	1.09402	1.85413	0.557947	lidar	0.310682	-0.641	4.8488	-0.8456	4.8857	-0.673	0.7396
1477010445800000	-1.05687	5.1751	1.21417	2.59641	0.822134	radar	4.35823	-1.10852	4.86111	-1.1348	5.1616	-0.7604	0.6494
1477010446200000	-1.39374	5.29874	1.18287	2.92074	0.830444	lidar	0.0578168	-1.3765	5.2873	-1.4564	5.3991	-0.8358	0.549
1477010446600000	-1.83537	5.397	1.24309	3.18888	0.808299	radar	1.65875	-1.96852	5.71159	-1.8051	5.5945	-0.898	0.4399
1477010447000000	-2.30815	5.62298	1.22684	3.07898	0.522423	lidar	1.95474	-2.3088	5.7256	-2.1756	5.7445	-0.9461	0.3239
1477010447400000	-2.70468	5.89828	1.13578	2.81873	0.146535	radar	2.17604	-2.64043	6.07172	-2.562	5.847	-0.9792	0.2028
1477010447800000	-2.95775	5.7903	0.963632	3.07035	0.24098	lidar	2.98601	-2.8481	5.6817	-2.9582	5.9002	-0.9969	0.0785
1477010448200000	-3.1502	5.85687	0.819668	2.99024	0.0677399	radar	3.98339	-2.80945	5.6125	-3.3579	5.9033	-0.9989	-0.0471
1477010448600000	-3.67189	5.7464	0.995106	3.27391	0.240297	lidar	2.30249	-3.7885	5.6829	-3.7549	5.8563	-0.9851	-0.1719
1477010449000000	-3.92668	5.48362	0.908445	3.65737	0.431273	radar	5.34087	-3.56011	5.01001	-4.1429	5.76	-0.9558	-0.294
1477010449400000	-4.39891	5.55202	0.974671	3.40998	0.166242	lidar	3.60829	-4.5139	5.6716	-4.5157	5.6157	-0.9114	-0.4115
1477010449800000	-4.63534	5.41672	0.88969	3.50969	0.151507	radar	2.95475	-4.28026	5.17338	-4.8675	5.4259	-0.8526	-0.5225
1477010450200000	-4.9832	5.10287	0.981946	3.7833	0.281941	lidar	0.934422	-5.0083	5.0265	-5.1927	5.1935	-0.7804	-0.6252
1477010450600000	-5.31747	4.68665	1.11018	4.1703	0.524642	radar	2.67131	-5.56854	4.62025	-5.4863	4.9222	-0.6959	-0.7181
1477010451000000	-5.5092	4.42818	1.02818	4.26648	0.464912	lidar	0.583762	-5.5025	4.496	-5.7435	4.6162	-0.6004	-0.7997
1477010451400000	-5.67429	4.3452	0.795505	4.20018	0.289729	radar	6.16501	-5.70583	4.82543	-5.9603	4.2804	-0.4955	-0.8686
1477010451800000	-6.02248	3.96405	0.974307	4.12745	0.167496	lidar	2.22	-6.1349	3.8905	-6.1333	3.92	-0.3827	-0.9239
1477010452200000	-6.07846	3.43784	1.08478	4.59486	0.489312	radar	3.41312	-5.91569	3.14771	-6.2599	3.5408	-0.2639	-0.9646
1477010452600000	-6.23527	3.00225	1.13645	4.61645	0.378084	lidar	0.677668	-6.302	2.9821	-6.3378	3.1487	-0.1409	-0.99
1477010453000000	-6.46675	2.50868	1.23306	4.53634	0.265853	radar	5.6618	-7.04297	2.5294	-6.3661	2.75	-0.0157	-0.9999
1477010453400000	-6.43026	2.23452	1.04928	4.73568	0.335599	lidar	1.95416	-6.3941	2.3573	-6.3441	2.3509	0.1097	-0.994
1477010453800000	-6.47763	2.05028	0.848732	4.75513	0.254331	radar	4.70435	-6.70301	2.42094	-6.2723	1.9576	0.2334	-0.9724
1477010454200000	-6.23113	1.70865	0.863983	5.12396	0.418472	lidar	1.61795	-6.1219	1.6903	-6.1518	1.5765	0.3535	-0.9355
1477010454600000	-6.02387	1.17604	1.17754	5.40425	0.589518	radar	8.18779	-6.25643	0.958963	-5.9844	1.2135	0.4679	-0.8838
1477010455000000	-5.84185	0.833165	1.14184	5.46281	0.480718	lidar	0.513941	-5.9021	0.8403	-5.7729	0.8743	0.575	-0.8182
1477010455400000	-5.74792	0.439838	0.991066	5.23931	0.118417	radar	3.08462	-5.81238	0.433198	-5.5205	0.5643	0.673	-0.7396
1477010455800000	-5.0862	0.345159	1.05424	5.94591	0.551801	lidar	6.59103	-4.8902	0.4091	-5.2312	0.2884	0.7604	-0.6495
1477010456200000	-4.82925	0.294361	0.80877	6.10266	0.490204	radar	6.73943	-4.76611	-0.137814	-4.9097	0.0509	0.8358	-0.549
1477010456600000	-4.50221	-0.0783435	0.929494	5.81817	0.167433	lidar	1.79507	-4.4388	-0.1579	-4.5609	-0.1444	0.898	-0.44
1477010457000000	-4.13658	-0.135642	1.00421	6.11101	0.367207	radar	3.23094	-4.3784	-0.303437	-4.1904	-0.2945	0.9461	-0.3239
1477010457400000	-3.8485	-0.425718	1.0036	5.91998	0.169478	lidar	0.682466	-3.8853	-0.4655	-3.804	-0.397	0.9792	-0.2028
1477010457800000	-3.37815	-0.26853	1.02393	6.42069	0.455818	radar	3.39538	-3.00481	-0.207942	-3.4079	-0.4502	0.9969	-0.0785
1477010458200000	-3.09985	-0.362948	0.946104	6.30091	0.246241	lidar	1.80299	-3.159	-0.4705	-3.0081	-0.4533	0.9989	0.0471
1477010458600000	-2.80714	-0.324517	0.911603	6.43583	0.277676	radar	2.13519	-3.09493	-0.424448	-2.6112	-0.4063	0.9851	0.1719
1477010459000000	-2.24204	-0.405312	1.08175	6.28093	0.10325	lidar	2.43475	-2.1045	-0.4145	-2.2232	-0.31	0.9558	0.294
1477010459400000	-1.90537	-0.344408	1.05143	6.41362	0.173415	radar	2.89157	-2.26474	-0.210528	-1.8504	-0.1657	0.9114	0.4115
1477010459800000	-1.5463	-0.180561	1.05176	6.61678	0.254658	lidar	0.0799916	-1.5435	-0.1655	-1.4986	0.0241	0.8527	0.5225
1477010460200000	-1.22066	0.0340885	1.0123	6.84531	0.359676	radar	1.51545	-1.17968	0.274961	-1.1734	0.2565	0.7804	0.6252
1477010460600000	-1.11524	0.914234	1.13004	7.8657	0.90079	lidar	4.36615	-1.1479	1.0318	-0.8798	0.5278	0.6959	0.7181
1477010461000000	-0.895229	1.13808	1.01749	7.65317	0.505842	radar	8.85936	-0.45607	0.568847	-0.6226	0.8338	0.6004	0.7997
1477010461400000	-0.542859	1.27316	0.868119	7.37956	0.238858	lidar	4.57982	-0.4629	1.1022	-0.4058	1.1697	0.4955	0.8686
1477010461800000	-0.340762	1.67593	1.05266	7.46484	0.274596	radar	1.70267	-0.34809	1.83966	-0.2327	1.53	0.3827	0.9239
1477010462200000	-0.196264	2.04717	1.04722	7.54267	0.248482	lidar	0.0232014	-0.181	2.0432	-0.1062	1.9092	0.2639	0.9645
1477010462600000	-0.0561814	2.42817	1.04573	7.57121	0.189205	radar	0.139247	-0.0489569	2.50982	-0.0282	2.3013	0.1409	0.99
1477010463000000	-0.0272418	2.80279	1.01503	7.76657	0.297114	lidar	0.48862	-0.0999	2.7828	0	2.7	0.0157	0.9999
1477010463400000	-0.00174909	3.0544	0.919326	7.8502	0.280069	radar	4.2219	-0.00201744	2.5104	0.011	3.0997	0.0785	0.9969
1477010463800000	0.0577415	3.49636	0.98786	7.81943	0.156377	lidar	0.871675	0.127	3.5584	0.0704	3.4949	0.2028	0.9792
1477010464200000	0.170107	3.84072	1.00714	7.69726	0.0139599	radar	2.15962	0.184992	3.53416	0.1789	3.8797	0.324	0.9461
1477010464600000	0.226233	4.22937	1.01343	7.70762	0.0177532	lidar	0.00337341	0.2251	4.2347	0.3348	4.2478	0.44	0.898
1477010465000000	0.436598	4.63874	0.993025	7.46838	-0.171265	radar	4.11311	0.542126	5.07131	0.5356	4.5934	0.5491	0.8358
1477010465400000	0.710002	5.03918	1.06624	7.23877	-0.288554	lidar	0.754201	0.7764	5.0848	0.7781	4.9112	0.6495	0.7604
1477010465800000	1.06652	5.35252	1.11512	6.97993	-0.390869	radar	0.550405	1.15373	5.45585	1.0585	5.1961	0.7397	0.673
1477010466200000	1.32793	5.56581	1.04218	6.89281	-0.345424	lidar	0.398481	1.2757	5.5357	1.3724	5.4436	0.8182	0.575
1477010466600000	1.57602	5.82514	1.01888	6.94101	-0.183834	radar	0.792511	1.48569	5.70885	1.7149	5.6497	0.8838	0.4679
1477010467000000	1.86297	5.93551	0.943046	6.78731	-0.23538	lidar	0.573473	1.8304	5.8733	2.0805	5.8114	0.9355	0.3534
1477010467400000	2.51941	5.84229	1.08024	6.05309	-0.729635	radar	7.30978	2.84701	5.77685	2.4635	5.9259	0.9724	0.2334
1477010467800000	2.82626	5.91835	1.00617	6.09104	-0.515939	lidar	1.57381	2.7767	6.0101	2.8578	5.9915	0.994	0.1097
1477010468200000	3.16796	5.90668	0.965676	6.06802	-0.366657	radar	0.38985	3.12533	5.95229	3.2572	6.0072	0.9999	-0.0157
1477010468600000	3.64309	6.06991	1.00878	6.28068	-0.14962	lidar	2.55676	3.7107	6.1857	3.6555	5.9727	0.99	-0.1409
1477010469000000	4.0572	5.89535	1.05411	5.97225	-0.34165	radar	1.19632	4.08103	5.70684	4.0463	5.8886	0.9646	-0.2639
1477010469400000	4.43132	5.70975	1.06497	5.79562	-0.367052	lidar	0.0246371	4.4332	5.6976	4.4234	5.7562	0.9239	-0.3827
1477010469800000	4.79551	5.7091	0.996997	6.03472	-0.0275368	radar	1.88276	4.70195	5.81096	4.781	5.5775	0.8686	-0.4955
1477010470200000	5.15344	5.39117	1.05468	5.77042	-0.181859	lidar	1.39441	5.1522	5.2927	5.1134	5.3554	0.7997	-0.6004
1477010470600000	5.46177	4.87584	1.14636	5.17756	-0.632599	radar	4.27114	5.56092	4.64317	5.4153	5.0934	0.7181	-0.6959
1477010471000000	5.69894	4.75308	0.9882	5.24044	-0.453233	lidar	3.11681	5.72	4.9054	5.682	4.7956	0.6252	-0.7804
1477010471400000	5.84025	4.47869	0.907654	5.16704	-0.323164	radar	1.305	5.62583	4.4388	5.9093	4.4668	0.5225	-0.8527
1477010471800000	6.07719	4.1988	0.918313	5.17855	-0.236615	lidar	0.37883	6.1253	4.2184	6.0936	4.1121	0.4115	-0.9114
1477010472200000	6.19949	3.89914	0.898825	5.04275	-0.285173	radar	0.168753	6.24293	3.97164	6.2319	3.737	0.294	-0.9558
1477010472600000	6.10229	3.39715	0.978286	4.62092	-0.466829	lidar	2.09619	6.0186	3.3052	6.3222	3.3476	0.1719	-0.9851
1477010473000000	6.20312	2.99904	0.995691	4.74012	-0.216088	radar	1.28609	6.34956	2.94053	6.3629	2.95	0.0471	-0.9989
1477010473400000	6.34537	2.48225	1.12286	4.86268	-0.0724339	lidar	1.25153	6.3918	2.3969	6.3535	2.5503	-0.0785	-0.9969
1477010473800000	6.1053	2.06004	1.11667	4.29961	-0.535495	radar	2.5025	6.01558	2.06116	6.2941	2.155	-0.2028	-0.9792
1477010474200000	6.17636	1.79015	0.974046	4.3632	-0.392351	lidar	3.20166	6.3133	1.869	6.1856	1.7703	-0.3239	-0.9461
1477010474600000	6.09402	1.35817	1.04409	4.32986	-0.316562	radar	1.02265	6.26644	1.28332	6.0297	1.4022	-0.44	-0.898
1477010475000000	5.97472	1.15629	0.900989	4.16362	-0.357288	lidar	1.29977	6.0148	1.2561	5.8289	1.0565	-0.549	-0.8358
1477010475400000	5.65247	0.846543	0.971251	3.90779	-0.414926	radar	2.75926	5.22888	0.752868	5.5864	0.7388	-0.6495	-0.7604
1477010475800000	5.40812	0.383266	1.10524	4.0228	-0.210119	lidar	1.83732	5.3939	0.264	5.306	0.4539	-0.7396	-0.673
1477010476200000	5.01103	0.0290668	1.20471	3.8679	-0.248262	radar	2.20373	4.64218	-0.0143908	4.992	0.2064	-0.8182	-0.575
1477010476600000	4.74082	-0.069619	1.03014	3.63855	-0.358177	lidar	2.20942	4.8207	0.0482	4.6496	0.0002	-0.8838	-0.4679
1477010477000000	4.38678	-0.0844438	0.952984	3.31374	-0.497924	radar	0.810989	4.46615	-0.0209911	4.284	-0.1614	-0.9354	-0.3535
1477010477400000	3.99726	-0.215403	1.00417	3.27198	-0.371882	lidar	0.546316	3.9669	-0.2781	3.901	-0.2759	-0.9724	-0.2334
1477010477800000	3.66915	-0.365058	0.941296	3.34295	-0.207026	radar	0.880767	3.64941	-0.391984	3.5067	-0.3416	-0.994	-0.1097
1477010478200000	3.22138	-0.394017	1.01371	3.20088	-0.246227	lidar	0.416605	3.1621	-0.3854	3.1072	-0.3573	-0.9999	0.0157
1477010478600000	2.83318	-0.343816	0.992355	3.02192	-0.299964	radar	0.53695	2.6941	-0.318841	2.709	-0.3228	-0.99	0.1409
1477010479000000	2.28767	-0.240274	1.13236	2.87681	-0.302213	lidar	1.46483	2.174	-0.228	2.3182	-0.2386	-0.9646	0.2639
1477010479400000	1.90034	-0.00285577	1.13441	2.59335	-0.428392	radar	0.215067	1.8914	-0.00226968	1.941	-0.1062	-0.9239	0.3827
1477010479800000	1.65398	0.177807	1.00414	2.50296	-0.350787	lidar	1.5268	1.7229	0.0639	1.5835	0.0725	-0.8686	0.4955
1477010480200000	1.4309	0.264406	0.849787	2.55554	-0.194366	radar	1.40871	1.57124	0.265996	1.2511	0.2946	-0.7997	0.6004
1477010480600000	1.07357	0.54205	1.03355	2.39253	-0.302458	lidar	6.32163	0.9287	0.8303	0.9492	0.5566	-0.7181	0.6959
1477010481000000	0.548693	0.686534	1.11459	2.72562	0.0867454	radar	3.21311	0.373515	0.466745	0.6825	0.8543	-0.6252	0.7804
1477010481400000	0.364122	1.12058	1.0819	2.34323	-0.17739	lidar	3.28193	0.4873	1.2114	0.4552	1.1832	-0.5225	0.8526
1477010481800000	0.275144	1.45861	0.907433	2.09844	-0.270841	radar	1.74186	0.292665	1.49676	0.2709	1.5379	-0.4115	0.9114
1477010482200000	0.0691552	1.81299	0.978581	2.08028	-0.172435	lidar	1.04312	-0.0467	1.8626	0.1326	1.9129	-0.294	0.9558
1477010482600000	0.105763	2.32229	1.01049	1.56389	-0.503658	radar	3.66606	0.167069	2.72218	0.0423	2.3024	-0.1719	0.9851
1477010483000000	0.231568	2.71057	1.00859	1.19982	-0.648212	lidar	0.784016	0.3295	2.7022	0.0016	2.7	-0.0471	0.9989
