time_stamp	px_state	py_state	v_state	yaw_angle_state	yaw_rate_state	sensor_type	NIS	px_measured	py_measured	px_ground_truth	py_ground_truth	vx_ground_truth	vy_ground_truth
1477010443000000	0.312243	0.58034	0	0	0	lidar	0	0.312243	0.58034	0.6	0.6	5.19994	0
1477010443050000	0.714448	0.588671	7.06909	-8.22279e-18	6.97007e-18	radar	74.4603	0.862916	0.534212	0.859997	0.600045	5.19975	0.00179686
1477010443100000	1.16101	0.493492	7.07145	-0.0688378	-0.0082776	lidar	0.185285	1.17385	0.481073	1.11998	0.600225	5.19943	0.00538996
1477010443150000	1.2767	0.513696	7.06645	0.192276	0.0387689	radar	1.81013	0.969149	0.397513	1.37996	0.600629	5.19898	0.0107781
1477010443200000	1.61349	0.59467	7.08552	0.245169	0.0529444	lidar	0.202013	1.65063	0.62469	1.6399	0.601347	5.19839	0.0179597
1477010443250000	1.82107	0.569758	6.34407	0.0935442	-0.0575858	radar	4.25766	1.62331	0.499091	1.89982	0.60247	5.19766	0.0269323
1477010443300000	2.15307	0.616075	6.35843	0.10827	-0.0296837	lidar	0.15986	2.18882	0.648739	2.1597	0.604086	5.19678	0.0376932
1477010443350000	2.36917	0.642857	5.60843	0.088189	-0.222269	radar	7.97484	1.96701	0.557117	2.41954	0.606284	5.19573	0.0502389
1477010443400000	2.64854	0.665702	5.61068	0.0766282	-0.224746	lidar	0.00268135	2.65526	0.66598	2.67932	0.609155	5.1945	0.0645654
1477010443450000	2.91557	0.655416	5.5267	0.0183938	-0.427896	radar	0.539325	2.92034	0.645898	2.93904	0.612786	5.19309	0.080668
1477010443500000	3.15128	0.652613	5.48439	0.00287951	-0.399531	lidar	1.10604	3.01222	0.637046	3.19869	0.617267	5.19147	0.0985415
1477010443550000	3.43889	0.544838	5.51807	-0.159722	-0.88161	radar	1.48178	3.56096	0.485311	3.45825	0.622685	5.18963	0.11818
1477010443600000	3.74386	0.430119	5.58701	-0.288948	-1.14128	lidar	2.20268	3.89365	0.311793	3.71772	0.62913	5.18754	0.139576
1477010443650000	4.02354	0.515642	5.54709	-0.145019	-0.576687	radar	4.08504	4.19786	0.698311	3.97708	0.636689	5.18519	0.162724
1477010443700000	4.29779	0.506518	5.53151	-0.139917	-0.493179	lidar	0.349696	4.30935	0.578564	4.23632	0.645449	5.18256	0.187614
1477010443750000	4.55856	0.540505	5.46145	-0.100744	-0.352649	radar	2.04734	4.61908	0.68951	4.49542	0.655498	5.17962	0.214238
1477010443800000	4.74784	0.647661	5.30701	0.00376266	-0.0916851	lidar	12.7517	4.35143	0.899174	4.75437	0.666921	5.17634	0.242587
1477010443850000	5.0011	0.644855	5.26054	-0.00664386	-0.104235	radar	2.16385	5.20901	0.66599	5.01315	0.679804	5.1727	0.272649
1477010443900000	5.30355	0.641691	5.30733	-0.014387	-0.10996	lidar	2.45131	5.51894	0.648233	5.27175	0.694234	5.16867	0.304413
1477010443950000	5.56096	0.649497	5.30874	-0.00868168	-0.0890315	radar	1.62956	5.22834	0.639362	5.53013	0.710295	5.16422	0.337868
1477010444000000	5.85481	0.665867	5.33777	-0.000855474	-0.0691634	lidar	1.57817	6.022	0.708619	5.78828	0.728072	5.15932	0.372999
1477010444050000	6.10027	0.590187	5.30436	-0.0562603	-0.153463	radar	3.91309	5.89392	0.373584	6.04618	0.747647	5.15393	0.409793
1477010444100000	6.3572	0.704868	5.27951	0.0194559	-0.0259894	lidar	4.076	6.34249	0.948833	6.30379	0.769103	5.14803	0.448233
1477010444150000	6.60974	0.734954	5.25427	0.0327133	-0.00523555	radar	0.915311	6.62134	0.836138	6.5611	0.792523	5.14157	0.488305
1477010444200000	6.85915	0.734472	5.24207	0.0275476	-0.0119512	lidar	0.333213	6.78214	0.714036	6.81808	0.817988	5.13452	0.52999
1477010444250000	7.10771	0.715762	5.20734	0.010342	-0.0365566	radar	3.93217	7.29121	0.630741	7.07469	0.845578	5.12685	0.573269
1477010444300000	7.33231	0.8012	5.1681	0.0551397	0.0262368	lidar	3.65206	7.13735	0.957217	7.3309	0.875373	5.11851	0.618123
1477010444350000	7.6185	0.812257	5.20726	0.054676	0.0242167	radar	3.48608	8.08349	0.819605	7.58668	0.907449	5.10946	0.664531
1477010444400000	7.86946	0.792183	5.19967	0.0381552	0.00162295	lidar	0.556029	7.80533	0.719126	7.84199	0.941886	5.09966	0.712469
1477010444450000	8.12403	0.808093	5.18034	0.0400593	0.00243308	radar	2.93475	8.40453	0.884557	8.0968	0.978759	5.08907	0.761915
1477010444500000	8.36406	0.827357	5.16316	0.045136	0.00883409	lidar	0.706358	8.24796	0.840322	8.35106	1.01814	5.07766	0.812843
1477010444550000	8.62601	0.913759	5.18111	0.083642	0.0574801	radar	6.56245	8.45858	1.41118	8.60472	1.06011	5.06537	0.865226
1477010444600000	8.86396	0.974038	5.1637	0.105734	0.0813723	lidar	1.09417	8.74615	1.04858	8.85775	1.10473	5.05216	0.919037
1477010444650000	9.14788	1.01139	5.19095	0.113584	0.0856514	radar	6.44331	9.8809	1.1419	9.1101	1.15208	5.03798	0.974245
1477010444700000	9.3858	1.04636	5.17382	0.120973	0.0897571	lidar	0.864882	9.25579	1.04913	9.36172	1.20223	5.0228	1.03082
1477010444750000	9.65944	1.11674	5.19498	0.143133	0.11111	radar	4.48595	10.1016	1.52474	9.61255	1.25524	5.00656	1.08873
1477010444800000	9.92715	1.24499	5.21048	0.190802	0.162359	lidar	3.31737	10.0484	1.44598	9.86254	1.31118	4.98922	1.14794
1477010444850000	10.1807	1.33404	5.2016	0.218266	0.187694	radar	4.73293	10.5377	1.72555	10.1117	1.37011	4.97074	1.20841
1477010444900000	10.4089	1.41772	5.18285	0.241374	0.205143	lidar	1.43504	10.2492	1.45907	10.3598	1.4321	4.95106	1.2701
1477010444950000	10.6497	1.50618	5.16199	0.266823	0.22782	radar	4.6981	10.9084	1.70343	10.6069	1.49721	4.93014	1.33298
1477010445000000	10.8806	1.54161	5.1429	0.263888	0.21104	lidar	1.592	10.7313	1.45265	10.853	1.56549	4.90794	1.39701
1477010445050000	11.1423	1.59361	5.1531	0.265474	0.199258	radar	1.53338	11.4783	1.42876	11.0979	1.637	4.8844	1.46213
1477010445100000	11.4167	1.6401	5.17105	0.262795	0.182907	lidar	1.54285	11.587	1.61462	11.3416	1.71179	4.85948	1.52832
1477010445150000	11.6536	1.70219	5.15359	0.271587	0.184727	radar	1.29209	11.4763	1.53917	11.584	1.78992	4.83313	1.59551
1477010445200000	11.8867	1.76876	5.14129	0.280629	0.185022	lidar	0.613573	11.7788	1.74591	11.8251	1.87144	4.80531	1.66366
1477010445250000	12.1367	1.85701	5.15235	0.295705	0.190409	radar	1.06504	12.136	2.14937	12.0647	1.95639	4.77598	1.73273
1477010445300000	12.3813	1.8877	5.14171	0.284657	0.16562	lidar	0.848635	12.3226	1.78353	12.3029	2.04482	4.74508	1.80265
1477010445350000	12.6327	1.94696	5.14854	0.284646	0.153492	radar	0.875788	12.5457	1.77728	12.5394	2.13677	4.71257	1.87338
1477010445400000	12.8357	2.08345	5.12896	0.326081	0.195556	lidar	3.73127	12.5924	2.17509	12.7743	2.23227	4.67842	1.94485
1477010445450000	13.0915	2.18364	5.15352	0.338813	0.194432	radar	3.50736	13.2198	2.6644	13.0075	2.33137	4.64258	2.01701
1477010445500000	13.2956	2.3269	5.13799	0.378815	0.231982	lidar	2.76529	13.0875	2.40708	13.2388	2.43409	4.605	2.08981
1477010445550000	13.4871	2.48175	5.10635	0.42778	0.2849	radar	11.2363	12.7087	3.12439	13.4682	2.54047	4.56565	2.16317
1477010445600000	13.7315	2.59396	5.11786	0.442206	0.284501	lidar	0.595092	13.836	2.62479	13.6955	2.65053	4.52448	2.23703
1477010445650000	13.9528	2.71217	5.11051	0.46253	0.294178	radar	0.331454	13.8302	2.73893	13.9208	2.7643	4.48147	2.31134
1477010445700000	14.1772	2.86174	5.11903	0.492461	0.311968	lidar	0.452968	14.2106	2.94205	14.1439	2.88179	4.43656	2.38601
1477010445750000	14.4206	2.96422	5.13395	0.491099	0.284562	radar	1.50198	14.5568	2.87021	14.3646	3.00303	4.38974	2.46099
1477010445800000	14.6327	3.04369	5.10921	0.489578	0.267444	lidar	2.48653	14.4616	2.90734	14.583	3.12802	4.34097	2.5362
1477010445850000	14.8577	3.18838	5.12418	0.508821	0.268927	radar	3.9112	14.6754	3.96041	14.7989	3.25679	4.29021	2.61157
1477010445900000	15.0593	3.37672	5.13249	0.552103	0.303953	lidar	1.19005	15.0261	3.5067	15.0122	3.38932	4.23744	2.68703
1477010445950000	15.2701	3.54096	5.13585	0.582674	0.325212	radar	2.41048	15.3685	4.14761	15.2228	3.52563	4.18263	2.76249
1477010446000000	15.478	3.72402	5.14878	0.616141	0.344667	lidar	0.763572	15.5236	3.82936	15.4306	3.66572	4.12575	2.83789
1477010446050000	15.6913	3.85744	5.14536	0.625092	0.334481	radar	0.932133	15.7234	3.4105	15.6355	3.80957	4.06678	2.91315
1477010446100000	15.9106	4.0009	5.14995	0.635651	0.326828	lidar	0.235038	15.9774	4.00094	15.8375	3.95719	4.00571	2.98817
1477010446150000	16.1084	4.16892	5.14488	0.665031	0.350145	radar	1.68533	16.3376	4.21632	16.0363	4.10854	3.94251	3.0629
1477010446200000	16.3031	4.35992	5.15549	0.69545	0.364436	lidar	0.465535	16.3313	4.44499	16.2319	4.26363	3.87716	3.13723
1477010446250000	16.5123	4.51929	5.16169	0.706166	0.353216	radar	0.697816	16.7586	4.48231	16.4242	4.42242	3.80966	3.21109
1477010446300000	16.6922	4.69279	5.15446	0.729268	0.360218	lidar	0.416759	16.6039	4.67344	16.613	4.5849	3.74	3.28438
1477010446350000	16.8479	4.9018	5.14027	0.783118	0.421485	radar	4.84606	16.9236	5.10119	16.7983	4.75103	3.66817	3.35704
1477010446400000	17.012	5.12063	5.14978	0.820756	0.439921	lidar	0.530453	16.9955	5.21099	16.9799	4.92077	3.59416	3.42897
1477010446450000	17.1819	5.30264	5.14095	0.845105	0.448861	radar	1.89278	17.3421	4.64623	17.1579	5.09409	3.51797	3.50008
1477010446500000	17.3453	5.48648	5.13229	0.865737	0.447651	lidar	0.289564	17.2894	5.43542	17.3319	5.27094	3.4396	3.57028
1477010446550000	17.5004	5.67429	5.11873	0.893836	0.463484	radar	3.66027	17.6463	4.74597	17.5019	5.45128	3.35907	3.63949
1477010446600000	17.7008	5.80506	5.09974	0.883035	0.426514	lidar	2.48591	17.7853	5.62476	17.6679	5.63506	3.27637	3.70762
1477010446650000	17.839	6.02029	5.09371	0.9253	0.463745	radar	1.58333	17.9216	6.07151	17.8297	5.82221	3.19151	3.77458
1477010446700000	18.018	6.20116	5.09336	0.932712	0.445717	lidar	0.734857	18.1263	6.16985	17.9872	6.01269	3.10453	3.84027
1477010446750000	18.1621	6.41675	5.09613	0.961063	0.454775	radar	0.547031	18.1245	6.79027	18.1402	6.20641	3.01542	3.90462
1477010446800000	18.2868	6.64197	5.0967	0.993816	0.466134	lidar	0.30776	18.2164	6.66138	18.2888	6.40332	2.92421	3.96753
1477010446850000	18.4137	6.86506	5.09628	1.02602	0.481326	radar	0.274248	18.4022	7.02231	18.4328	6.60333	2.83093	4.0289
1477010446900000	18.5689	7.0158	5.06144	1.02454	0.456019	lidar	3.68492	18.5422	6.76013	18.572	6.80638	2.7356	4.08867
1477010446950000	18.7132	7.22678	5.06548	1.03602	0.436644	radar	0.383741	18.8089	7.24388	18.7064	7.01237	2.63825	4.14672
1477010447000000	18.9162	7.36832	5.04419	1.01384	0.389165	lidar	5.23893	19.1441	7.18344	18.8359	7.22122	2.53893	4.20299
1477010447050000	18.9965	7.5983	5.02809	1.06622	0.444489	radar	4.98488	18.5479	7.4012	18.9604	7.43283	2.43767	4.25737
1477010447100000	19.0926	7.83724	5.03148	1.10029	0.457564	lidar	0.42565	19.0138	7.8688	19.0798	7.64712	2.3345	4.3098
1477010447150000	19.2076	8.05622	5.02849	1.11985	0.453137	radar	0.436844	19.3089	7.67375	19.1939	7.86397	2.22949	4.36017
1477010447200000	19.2916	8.2673	5.00773	1.14726	0.460397	lidar	2.25085	19.132	8.12845	19.3028	8.08329	2.12266	4.40842
1477010447250000	19.3851	8.48992	5.00152	1.16709	0.451429	radar	2.64187	19.0239	8.17194	19.4062	8.30497	2.01409	4.45445
1477010447300000	19.4849	8.65344	4.9521	1.17556	0.440387	lidar	7.17642	19.347	8.30741	19.5042	8.5289	1.90381	4.49819
1477010447350000	19.567	8.88029	4.94534	1.20555	0.456254	radar	1.02906	19.6843	8.35902	19.5966	8.75494	1.7919	4.53956
1477010447400000	19.7355	9.04775	4.92268	1.18706	0.412607	lidar	5.73762	20.0039	8.8906	19.6835	8.983	1.67841	4.57848
1477010447450000	19.7984	9.286	4.91916	1.22744	0.446548	radar	1.09243	19.6061	9.48659	19.7645	9.21294	1.56341	4.61488
1477010447500000	19.9367	9.48923	4.91374	1.2236	0.418052	lidar	2.81304	20.1574	9.45949	19.8398	9.44463	1.44697	4.64869
1477010447550000	19.9709	9.73128	4.90498	1.27683	0.473172	radar	3.18108	19.6163	9.76606	19.9093	9.67795	1.32916	4.67984
1477010447600000	20.066	9.94904	4.89832	1.28781	0.459747	lidar	0.583535	20.1573	9.90876	19.9728	9.91275	1.21005	4.70826
1477010447650000	20.1203	10.1982	4.90702	1.31309	0.456115	radar	6.35806	19.1911	11.5493	20.0303	10.1489	1.08972	4.73389
1477010447700000	20.1753	10.4423	4.91096	1.33852	0.458654	lidar	0.0443078	20.166	10.4687	20.0818	10.3863	0.968259	4.75666
1477010447750000	20.1845	10.6885	4.90466	1.38965	0.504798	radar	3.19005	19.6775	10.803	20.1271	10.6247	0.845742	4.77652
1477010447800000	20.2497	10.9347	4.91342	1.40616	0.494482	lidar	1.05804	20.371	11.0109	20.1663	10.864	0.722256	4.7934
1477010447850000	20.2761	11.1878	4.92028	1.43346	0.492872	radar	4.53121	19.4335	12.3402	20.1993	11.1041	0.597892	4.80727
1477010447900000	20.3131	11.4181	4.91023	1.45447	0.489928	lidar	0.259873	20.3164	11.3483	20.2261	11.3449	0.472738	4.81807
1477010447950000	20.254	11.6729	4.90429	1.53379	0.580623	radar	10.9893	19.2063	12.2418	20.2466	11.5861	0.346889	4.82575
1477010448000000	20.3289	11.9043	4.90189	1.5353	0.55139	lidar	4.53602	20.6141	11.9422	20.2608	11.8275	0.220439	4.83027
1477010448050000	20.3516	12.1427	4.89884	1.54086	0.506204	radar	3.85584	19.966	11.9688	20.2687	12.0692	0.093487	4.83159
1477010448100000	20.3451	12.4048	4.91239	1.57096	0.509831	lidar	0.470313	20.3263	12.4966	20.2701	12.3108	-0.0338694	4.82968
1477010448150000	20.2921	12.6478	4.90676	1.63115	0.570575	radar	3.4433	20.0192	12.4823	20.2652	12.5522	-0.161529	4.82451
1477010448200000	20.3181	12.8836	4.90143	1.64266	0.553209	lidar	1.79307	20.498	12.8924	20.254	12.7933	-0.28939	4.81605
1477010448250000	20.3013	13.1213	4.89633	1.67124	0.558626	radar	2.25073	20.9151	12.2555	20.2363	13.0339	-0.417348	4.80428
1477010448300000	20.2645	13.3394	4.87555	1.70253	0.564446	lidar	1.72934	20.1943	13.1688	20.2122	13.2738	-0.545298	4.78918
1477010448350000	20.2225	13.5776	4.87311	1.7296	0.55791	radar	1.4134	19.858	13.5236	20.1818	13.5129	-0.673135	4.77072
1477010448400000	20.2065	13.8232	4.87684	1.74773	0.547316	lidar	0.967791	20.3245	13.8896	20.1449	13.7509	-0.800753	4.74892
1477010448450000	20.1467	14.0557	4.87245	1.78562	0.566853	radar	1.00204	20.3387	13.5307	20.1017	13.9878	-0.928043	4.72374
1477010448500000	20.0961	14.2981	4.87647	1.81201	0.564379	lidar	0.110741	20.1216	14.337	20.0521	14.2233	-1.0549	4.69521
1477010448550000	20.0221	14.529	4.87372	1.84386	0.566583	radar	1.49858	19.6717	14.4038	19.9962	14.4573	-1.18121	4.66331
1477010448600000	19.92	14.7676	4.88212	1.88388	0.577759	lidar	1.06561	19.781	14.773	19.934	14.6897	-1.30687	4.62805
1477010448650000	19.8501	14.9914	4.87364	1.90187	0.554446	radar	3.61159	20.1149	14.0165	19.8655	14.9202	-1.43177	4.58944
1477010448700000	19.8158	15.2141	4.8602	1.91307	0.538921	lidar	2.31235	20.0208	15.2053	19.7908	15.1486	-1.55581	4.54751
1477010448750000	19.6807	15.4257	4.86108	1.98928	0.636689	radar	7.8053	20.0157	15.3443	19.7099	15.3749	-1.67887	4.50226
1477010448800000	19.6421	15.6291	4.83367	2.00067	0.618647	lidar	4.33773	19.9131	15.554	19.6229	15.5989	-1.80085	4.45372
1477010448850000	19.5423	15.8419	4.8279	2.0279	0.611037	radar	1.58014	19.9388	15.0864	19.5298	15.8203	-1.92164	4.40193
1477010448900000	19.4407	16.0499	4.82038	2.05648	0.609859	lidar	0.147657	19.4748	16.0098	19.4307	16.039	-2.04114	4.3469
1477010448950000	19.335	16.2632	4.81674	2.0722	0.577428	radar	2.00293	19.1556	16.0022	19.3257	16.2549	-2.15925	4.28868
1477010449000000	19.2216	16.4451	4.79361	2.10319	0.582162	lidar	1.56116	19.238	16.2719	19.2148	16.4679	-2.27586	4.22731
1477010449050000	19.0984	16.647	4.79127	2.1329	0.584042	radar	0.376904	19.4007	16.2962	19.0981	16.6777	-2.39087	4.16284
1477010449100000	18.9741	16.8463	4.78807	2.16029	0.582538	lidar	0.0480295	19.0029	16.8387	18.9757	16.8841	-2.50418	4.0953
1477010449150000	18.8167	17.0363	4.79557	2.21795	0.643617	radar	6.1127	18.8373	17.7112	18.8477	17.0872	-2.61571	4.02476
1477010449200000	18.6594	17.2471	4.81582	2.24929	0.640556	lidar	1.06298	18.6148	17.3832	18.7142	17.2866	-2.72534	3.95127
1477010449250000	18.5514	17.4575	4.80799	2.23477	0.549771	radar	6.3716	18.8177	17.0316	18.5752	17.4822	-2.83299	3.87489
1477010449300000	18.3497	17.6318	4.82003	2.28012	0.566711	lidar	3.60432	18.1023	17.5529	18.4309	17.674	-2.93858	3.79568
1477010449350000	18.2114	17.8252	4.81546	2.28341	0.515779	radar	2.5395	18.2749	17.4877	18.2814	17.8617	-3.042	3.71372
1477010449400000	18.0783	18.0113	4.80763	2.30023	0.507443	lidar	0.981053	18.2094	18.0461	18.1268	18.0453	-3.14318	3.62906
1477010449450000	17.9002	18.1688	4.80367	2.34296	0.539339	radar	2.01505	18.3021	17.498	17.9671	18.2246	-3.24204	3.5418
1477010449500000	17.7585	18.3216	4.77821	2.36579	0.537571	lidar	1.64284	17.9018	18.2183	17.8026	18.3994	-3.3385	3.45199
1477010449550000	17.6199	18.5078	4.77371	2.37256	0.508153	radar	6.8085	18.8558	18.1364	17.6334	18.5697	-3.43247	3.35973
1477010449600000	17.4364	18.676	4.78196	2.39961	0.509073	lidar	0.182886	17.3845	18.7039	17.4595	18.7353	-3.5239	3.26509
1477010449650000	17.2517	18.8209	4.77715	2.43431	0.525435	radar	1.86273	17.7945	18.0801	17.281	18.8962	-3.61271	3.16817
1477010449700000	17.0853	18.9611	4.75965	2.45922	0.525588	lidar	0.726151	17.1762	18.8863	17.0983	19.0521	-3.69883	3.06904
1477010449750000	16.9174	19.1315	4.76218	2.47049	0.502852	radar	2.96719	16.9398	19.7311	16.9113	19.203	-3.78221	2.9678
1477010449800000	16.7035	19.2428	4.75579	2.51085	0.518953	lidar	2.81068	16.5734	19.052	16.7201	19.3488	-3.86278	2.86455
1477010449850000	16.5153	19.3938	4.76134	2.53412	0.519293	radar	3.09162	16.1674	20.2201	16.5251	19.4894	-3.9405	2.75938
1477010449900000	16.3053	19.5404	4.77708	2.5595	0.517361	lidar	0.574576	16.2338	19.6171	16.3262	19.6246	-4.01531	2.65237
1477010449950000	16.079	19.6267	4.77055	2.60992	0.554117	radar	10.1741	16.4366	18.2742	16.1237	19.7545	-4.08716	2.54364
1477010450000000	15.8804	19.7642	4.7761	2.6302	0.546058	lidar	0.694588	15.9243	19.8703	15.9176	19.8789	-4.15602	2.43329
1477010450050000	15.687	19.8924	4.768	2.63529	0.500715	radar	3.28895	16.2328	19.2166	15.7082	19.9978	-4.22185	2.32141
1477010450100000	15.4711	20.033	4.78686	2.65339	0.49199	lidar	1.26738	15.4332	20.1836	15.4956	20.111	-4.28461	2.2081
1477010450150000	15.2665	20.1697	4.79421	2.66459	0.471868	radar	5.71473	14.3677	21.3406	15.2799	20.2185	-4.34427	2.09347
1477010450200000	15.0752	20.3031	4.79164	2.6759	0.459511	lidar	1.80988	15.2016	20.4385	15.0613	20.3203	-4.4008	1.97763
1477010450250000	14.8464	20.3848	4.79122	2.71311	0.481242	radar	2.13886	14.7476	19.9571	14.84	20.4162	-4.4542	1.86068
1477010450300000	14.6335	20.5021	4.79667	2.72975	0.473243	lidar	0.660191	14.6665	20.6088	14.6161	20.5063	-4.50443	1.74272
1477010450350000	14.4027	20.5855	4.80202	2.76598	0.497937	radar	1.34413	13.841	21.0031	14.3897	20.5904	-4.55149	1.62386
1477010450400000	14.1597	20.658	4.80992	2.79806	0.504696	lidar	0.832331	14.0521	20.5924	14.1611	20.6686	-4.59537	1.50421
1477010450450000	13.9271	20.7267	4.81236	2.83367	0.525538	radar	0.416592	13.8232	20.859	13.9304	20.7408	-4.63606	1.38386
1477010450500000	13.6637	20.7851	4.83245	2.86871	0.53298	lidar	2.16908	13.4686	20.7253	13.6977	20.807	-4.67357	1.26294
1477010450550000	13.4198	20.8138	4.8335	2.9224	0.583751	radar	2.44211	13.8263	20.4261	13.4632	20.8671	-4.70789	1.14153
1477010450600000	13.1725	20.8575	4.83985	2.9548	0.586523	lidar	0.262668	13.1072	20.8294	13.2271	20.9211	-4.73904	1.01975
1477010450650000	12.9429	20.9144	4.83818	2.97716	0.578523	radar	1.70033	13.2669	21.1579	12.9895	20.969	-4.76702	0.897694
1477010450700000	12.7274	20.968	4.82547	2.99751	0.570804	lidar	1.53356	12.8729	21.0592	12.7506	21.0108	-4.79186	0.775469
1477010450750000	12.4825	21.0045	4.83276	3.02683	0.574266	radar	2.71979	11.5171	21.6724	12.5106	21.0465	-4.81358	0.653175
1477010450800000	12.2364	21.0429	4.8414	3.05098	0.568753	lidar	0.290896	12.2062	21.11	12.2695	21.0761	-4.83219	0.530912
1477010450850000	11.9992	21.0617	4.84027	3.08278	0.578374	radar	0.915439	12.3859	21.1066	12.0276	21.0996	-4.84773	0.408778
1477010450900000	11.7492	21.0374	4.83866	3.12496	0.592319	lidar	1.8165	11.6814	20.8651	11.785	21.117	-4.86022	0.286869
1477010450950000	11.5038	21.023	4.8389	3.1611	0.600469	radar	1.08392	11.5265	20.6748	11.5418	21.1283	-4.86971	0.165281
1477010451000000	11.2756	21.0226	4.82942	3.18759	0.597663	lidar	0.503036	11.363	21.0688	11.2982	21.1335	-4.87623	0.0441057
1477010451050000	11.0251	20.9825	4.83364	3.22805	0.609577	radar	4.19983	10.5558	20.5567	11.0544	21.1327	-4.87982	-0.076565
1477010451100000	10.8003	20.9505	4.81968	3.26104	0.613562	lidar	0.45434	10.8903	20.927	10.8105	21.1259	-4.88053	-0.196643
1477010451150000	10.5531	20.9497	4.82125	3.26586	0.564124	radar	5.64422	9.30535	21.3896	10.5666	21.1131	-4.8784	-0.31604
1477010451200000	10.2899	20.9719	4.84711	3.27291	0.539177	lidar	3.64501	10.189	21.209	10.3229	21.0943	-4.87349	-0.434674
1477010451250000	10.0515	20.9531	4.84625	3.29223	0.52889	radar	1.00605	9.97958	21.2932	10.0795	21.0697	-4.86585	-0.552463
1477010451300000	9.83728	20.9207	4.82584	3.31653	0.528424	lidar	1.47185	9.99634	20.9797	9.83658	21.0391	-4.85554	-0.669327
1477010451350000	9.59747	20.9144	4.81997	3.31329	0.474638	radar	2.39796	9.38223	21.111	9.59422	21.0028	-4.84262	-0.785189
1477010451400000	9.38648	20.8662	4.79812	3.33959	0.479117	lidar	1.21427	9.53921	20.8762	9.35258	20.9607	-4.82714	-0.899977
1477010451450000	9.15751	20.8275	4.79364	3.35983	0.476074	radar	1.53436	9.63392	20.9724	9.11177	20.9128	-4.80919	-1.01362
1477010451500000	8.89018	20.7889	4.82215	3.37584	0.465712	lidar	1.90808	8.70331	20.8221	8.87192	20.8594	-4.78881	-1.12605
1477010451550000	8.66726	20.7117	4.8149	3.40856	0.478935	radar	4.48865	9.84634	20.009	8.63315	20.8003	-4.76608	-1.2372
1477010451600000	8.40967	20.6238	4.83842	3.43901	0.484209	lidar	2.77635	8.22277	20.4839	8.39557	20.7358	-4.74108	-1.34701
1477010451650000	8.18142	20.5435	4.83895	3.46847	0.493678	radar	0.103405	8.29647	20.4978	8.1593	20.6657	-4.71387	-1.45542
1477010451700000	7.94364	20.4633	4.84717	3.49227	0.49217	lidar	0.180555	7.88599	20.45	7.92445	20.5903	-4.68453	-1.56237
1477010451750000	7.72645	20.3769	4.84486	3.52573	0.513679	radar	3.4878	8.29081	20.6565	7.69111	20.5096	-4.65313	-1.66781
1477010451800000	7.44851	20.3159	4.8861	3.53354	0.491602	lidar	4.2169	7.18029	20.392	7.45939	20.4237	-4.61975	-1.7717
1477010451850000	7.2222	20.2172	4.88728	3.55776	0.48939	radar	0.242638	7.09214	20.1196	7.22939	20.3326	-4.58448	-1.87399
1477010451900000	6.96759	20.1363	4.91059	3.57064	0.47527	lidar	1.4034	6.81542	20.1859	7.00119	20.2364	-4.54738	-1.97462
1477010451950000	6.74547	20.0428	4.90706	3.58799	0.465262	radar	0.354335	6.89359	20.1536	6.7749	20.1352	-4.50854	-2.07357
1477010452000000	6.49966	19.9547	4.92402	3.6002	0.452181	lidar	0.877795	6.38914	20.0137	6.55059	20.0292	-4.46805	-2.17079
1477010452050000	6.28388	19.8595	4.91804	3.61826	0.448956	radar	2.59613	6.67637	20.2142	6.32834	19.9183	-4.42598	-2.26625
1477010452100000	6.02837	19.7694	4.94314	3.62578	0.431205	lidar	1.76289	5.86119	19.8306	6.10823	19.8027	-4.38241	-2.35993
1477010452150000	5.81447	19.6211	4.95525	3.66895	0.468418	radar	2.46059	5.28178	19.5036	5.89034	19.6824	-4.33744	-2.45178
1477010452200000	5.6131	19.5037	4.9437	3.69074	0.467385	lidar	0.567377	5.69089	19.5755	5.67472	19.5577	-4.29114	-2.5418
1477010452250000	5.41482	19.3529	4.94282	3.72568	0.484102	radar	1.65373	5.9506	18.9859	5.46145	19.4284	-4.24359	-2.62995
1477010452300000	5.19168	19.255	4.945	3.73215	0.464726	lidar	1.88808	5.17021	19.4397	5.25059	19.2948	-4.19488	-2.71622
1477010452350000	4.99033	19.1422	4.92908	3.73948	0.43825	radar	4.2012	5.87397	19.301	5.04219	19.157	-4.1451	-2.80059
1477010452400000	4.80794	18.9925	4.91693	3.76835	0.446625	lidar	0.392156	4.89149	18.982	4.8363	19.015	-4.09432	-2.88305
1477010452450000	4.60665	18.8421	4.92536	3.79622	0.459432	radar	1.58919	3.98679	19.0452	4.63297	18.8689	-4.04263	-2.96359
1477010452500000	4.41542	18.7111	4.91584	3.81253	0.45272	lidar	0.915651	4.4685	18.834	4.43224	18.7188	-3.99012	-3.0422
1477010452550000	4.22364	18.569	4.90603	3.82365	0.430514	radar	1.32729	4.69245	18.4634	4.23416	18.5648	-3.93685	-3.11888
1477010452600000	4.07447	18.4108	4.87753	3.85483	0.442991	lidar	2.11766	4.26269	18.481	4.03876	18.4071	-3.88293	-3.19362
1477010452650000	3.8998	18.2384	4.88985	3.89816	0.488278	radar	7.03907	3.42434	18.8357	3.84606	18.2457	-3.82841	-3.26644
1477010452700000	3.66641	18.1001	4.91778	3.89788	0.459019	lidar	2.73305	3.45919	18.167	3.65611	18.0807	-3.77339	-3.33732
1477010452750000	3.49128	17.9477	4.90131	3.90736	0.433648	radar	3.26191	4.3011	17.9267	3.46891	17.9122	-3.71795	-3.40627
1477010452800000	3.2795	17.7833	4.92401	3.91693	0.418656	lidar	1.35248	3.12525	17.7493	3.28449	17.7402	-3.66215	-3.47331
1477010452850000	3.10947	17.6002	4.93415	3.95141	0.446774	radar	2.56917	2.65664	17.888	3.10287	17.565	-3.60609	-3.53844
1477010452900000	2.91837	17.4819	4.91939	3.94806	0.419046	lidar	5.86673	2.9449	17.8154	2.92405	17.3866	-3.54982	-3.60167
1477010452950000	2.78257	17.266	4.92744	4.00225	0.47365	radar	3.41156	3.26647	17.0897	2.74805	17.2051	-3.49344	-3.66302
1477010453000000	2.60887	17.0829	4.93485	4.01981	0.466364	lidar	0.171937	2.55407	17.0853	2.57486	17.0205	-3.437	-3.72251
1477010453050000	2.43863	16.9138	4.92224	4.02149	0.428072	radar	1.85929	2.55039	16.8884	2.4045	16.833	-3.38059	-3.78014
1477010453100000	2.27058	16.7414	4.92061	4.03335	0.417445	lidar	0.475983	2.25371	16.8334	2.23695	16.6427	-3.32428	-3.83595
1477010453150000	2.09992	16.5466	4.92629	4.04197	0.393376	radar	5.14862	1.57735	16.0489	2.07221	16.4497	-3.26812	-3.88995
1477010453200000	1.95055	16.319	4.94419	4.07158	0.403502	lidar	2.5046	1.88972	16.1054	1.91027	16.254	-3.21219	-3.94216
1477010453250000	1.78809	16.1409	4.93484	4.07318	0.373099	radar	1.07097	1.74362	16.2687	1.75112	16.0557	-3.15656	-3.99261
1477010453300000	1.58915	15.9746	4.94755	4.06519	0.342237	lidar	1.93692	1.44745	16.0853	1.59474	15.8549	-3.10129	-4.04132
1477010453350000	1.46999	15.7455	4.95883	4.11018	0.387177	radar	2.12241	1.6097	15.5526	1.44111	15.6517	-3.04644	-4.08832
1477010453400000	1.30363	15.5326	4.97959	4.12212	0.377707	lidar	1.3025	1.18395	15.4284	1.29021	15.4463	-2.99207	-4.13364
1477010453450000	1.15048	15.3388	4.97819	4.1295	0.361829	radar	0.958649	0.828993	15.528	1.14201	15.2386	-2.93825	-4.1773
1477010453500000	0.952685	15.1295	5.01367	4.12612	0.335693	lidar	3.65654	0.722706	15.0075	0.996486	15.0288	-2.88503	-4.21933
1477010453550000	0.801809	14.9444	4.99877	4.12444	0.305389	radar	2.04179	1.03147	15.2134	0.853604	14.8169	-2.83246	-4.25977
1477010453600000	0.684026	14.7273	4.99366	4.14842	0.315461	lidar	0.202427	0.737301	14.7047	0.71333	14.603	-2.78061	-4.29864
1477010453650000	0.579686	14.4882	5.00418	4.18843	0.353339	radar	1.89703	0.722177	14.2445	0.575628	14.3872	-2.72952	-4.33598
1477010453700000	0.410788	14.2722	5.02735	4.1895	0.333536	lidar	1.62969	0.253435	14.2029	0.440459	14.1696	-2.67925	-4.37181
1477010453750000	0.30802	14.0257	5.04873	4.23384	0.382725	radar	4.02041	-0.0328023	13.9604	0.307779	13.9502	-2.62984	-4.40617
1477010453800000	0.265292	13.7719	5.03194	4.28537	0.420216	lidar	2.72685	0.459172	13.6856	0.177545	13.7292	-2.58135	-4.43909
1477010453850000	0.172987	13.532	5.04293	4.31908	0.443896	radar	1.42097	0.0524412	13.6377	0.0497099	13.5065	-2.53381	-4.47061
1477010453900000	0.0108169	13.3097	5.06716	4.31283	0.40968	lidar	2.42207	-0.190344	13.2856	-0.0757753	13.2823	-2.48728	-4.50075
1477010453950000	-0.105001	13.0886	5.06137	4.31849	0.386626	radar	0.755802	-0.275043	13.1456	-0.198962	13.0566	-2.44179	-4.52955
1477010454000000	-0.138659	12.8525	5.0357	4.36232	0.416718	lidar	2.28303	0.0462308	12.9301	-0.319903	12.8295	-2.39739	-4.55704
1477010454050000	-0.25897	12.6258	5.03349	4.35916	0.378699	radar	3.70829	-0.684792	12.3563	-0.438654	12.6011	-2.35412	-4.58326
1477010454100000	-0.378421	12.3917	5.04572	4.36345	0.360745	lidar	0.611235	-0.476482	12.3633	-0.555273	12.3714	-2.31202	-4.60823
1477010454150000	-0.506404	12.1802	5.03753	4.35398	0.322421	radar	3.78739	-0.972122	12.5207	-0.669818	12.1404	-2.27111	-4.63198
1477010454200000	-0.593891	11.9552	5.02966	4.36776	0.320165	lidar	0.355678	-0.582624	12.0386	-0.78235	11.9083	-2.23144	-4.65456
1477010454250000	-0.719857	11.7284	5.0336	4.36055	0.287919	radar	2.96683	-1.26757	11.6495	-0.892931	11.6751	-2.19304	-4.67598
1477010454300000	-0.901767	11.4946	5.06696	4.33403	0.23839	lidar	4.80952	-1.17212	11.3988	-1.00163	11.4409	-2.15594	-4.69628
1477010454350000	-1.01359	11.2653	5.05868	4.32659	0.20279	radar	3.04959	-0.891441	10.959	-1.1085	11.2057	-2.12017	-4.71549
1477010454400000	-1.18431	11.0423	5.07784	4.30329	0.163492	lidar	2.64569	-1.39289	11.0424	-1.21362	10.9695	-2.08575	-4.73364
1477010454450000	-1.26016	10.7984	5.08503	4.33177	0.198213	radar	1.30394	-1.29894	10.9012	-1.31706	10.7324	-2.05273	-4.75075
1477010454500000	-1.38578	10.5497	5.1064	4.33059	0.185066	lidar	1.53043	-1.49687	10.4198	-1.41889	10.4945	-2.02111	-4.76686
1477010454550000	-1.46293	10.2927	5.12203	4.3572	0.214531	radar	1.95165	-1.59293	10.0212	-1.51917	10.2559	-1.99093	-4.78198
1477010454600000	-1.57317	10.0765	5.11196	4.35528	0.200477	lidar	1.46062	-1.61875	10.2374	-1.61797	10.0165	-1.96221	-4.79615
1477010454650000	-1.66447	9.84389	5.1057	4.36063	0.192142	radar	0.311218	-1.59702	9.96554	-1.71539	9.77637	-1.93498	-4.80939
1477010454700000	-1.74983	9.61664	5.09561	4.36894	0.190896	lidar	0.483199	-1.73381	9.71347	-1.81147	9.53564	-1.90924	-4.82172
1477010454750000	-1.84926	9.37111	5.11047	4.3795	0.20017	radar	2.84437	-2.27191	9.37316	-1.90631	9.29431	-1.88502	-4.83316
1477010454800000	-1.92457	9.08708	5.14051	4.39827	0.209452	lidar	5.06131	-1.93833	8.77028	-1.99998	9.05243	-1.86233	-4.84374
1477010454850000	-2.01622	8.8589	5.12804	4.39554	0.187174	radar	1.41045	-1.96565	9.13274	-2.09256	8.81003	-1.8412	-4.85347
1477010454900000	-2.11278	8.60816	5.13974	4.39864	0.179717	lidar	0.453737	-2.1768	8.5411	-2.18412	8.56717	-1.82164	-4.86238
1477010454950000	-2.23134	8.36161	5.15529	4.3913	0.160286	radar	3.39481	-2.65862	8.19477	-2.27474	8.32388	-1.80365	-4.87047
1477010455000000	-2.29084	8.11945	5.14606	4.40738	0.169718	lidar	0.352619	-2.21875	8.15339	-2.3645	8.0802	-1.78726	-4.87778
1477010455050000	-2.36572	7.89706	5.12569	4.41092	0.161061	radar	4.98675	-2.273	8.52315	-2.45348	7.83617	-1.77248	-4.8843
1477010455100000	-2.47498	7.64911	5.14	4.40562	0.145518	lidar	0.945463	-2.59674	7.60288	-2.54177	7.59184	-1.75931	-4.89006
1477010455150000	-2.63486	7.41909	5.14836	4.3651	0.0736293	radar	6.07284	-3.08256	7.38874	-2.62944	7.34723	-1.74777	-4.89507
1477010455200000	-2.73675	7.16503	5.163	4.36439	0.0684308	lidar	0.718741	-2.79865	7.064	-2.71658	7.10238	-1.73786	-4.89933
1477010455250000	-2.80371	6.92621	5.15581	4.38103	0.0911701	radar	1.34953	-2.79412	7.20818	-2.80326	6.85734	-1.72958	-4.90286
1477010455300000	-2.86113	6.70237	5.13089	4.39312	0.0996693	lidar	2.09183	-2.74651	6.86867	-2.88957	6.61214	-1.72295	-4.90566
1477010455350000	-2.93976	6.46965	5.11501	4.38471	0.0670315	radar	4.3093	-2.57673	6.36755	-2.97559	6.36681	-1.71797	-4.90774
1477010455400000	-2.99854	6.2262	5.10774	4.39703	0.0769534	lidar	0.512032	-2.90217	6.22989	-3.0614	6.12139	-1.71464	-4.90911
1477010455450000	-3.11081	5.98433	5.11993	4.38941	0.0663547	radar	3.12125	-3.50172	6.10796	-3.14709	5.87592	-1.71297	-4.90976
1477010455500000	-3.18624	5.71649	5.13801	4.39776	0.0718352	lidar	1.74135	-3.1778	5.53101	-3.23274	5.63043	-1.71295	-4.9097
1477010455550000	-3.29495	5.4714	5.14433	4.37851	0.0296552	radar	2.37547	-3.19736	5.19093	-3.31843	5.38496	-1.71458	-4.90893
1477010455600000	-3.38625	5.21454	5.15823	4.37898	0.0285707	lidar	0.701001	-3.43031	5.10507	-3.40424	5.13955	-1.71787	-4.90745
1477010455650000	-3.45603	4.96697	5.1578	4.39089	0.0468533	radar	0.214767	-3.4281	4.94644	-3.49026	4.89422	-1.72281	-4.90525
1477010455700000	-3.56004	4.70082	5.18389	4.38759	0.0410244	lidar	2.53118	-3.69435	4.52196	-3.57657	4.64902	-1.72939	-4.90233
1477010455750000	-3.66835	4.452	5.19232	4.36829	-0.000499234	radar	2.49489	-3.50501	4.17643	-3.66325	4.40398	-1.73763	-4.89868
1477010455800000	-3.79158	4.1927	5.21838	4.35765	-0.0113028	lidar	3.35273	-4.00238	4.04684	-3.75039	4.15913	-1.74749	-4.8943
1477010455850000	-3.8768	3.94972	5.2166	4.36537	0.00755	radar	1.00904	-4.06447	4.10977	-3.83806	3.91452	-1.75899	-4.88918
1477010455900000	-3.9538	3.70854	5.20874	4.36912	0.0108155	lidar	0.367114	-3.88053	3.75177	-3.92635	3.67019	-1.77212	-4.8833
1477010455950000	-4.06336	3.49199	5.19162	4.34885	-0.0265548	radar	3.83078	-4.23729	3.88878	-4.01533	3.42616	-1.78686	-4.87666
1477010456000000	-4.15444	3.24588	5.19419	4.34846	-0.0255095	lidar	0.0354565	-4.15119	3.21968	-4.10509	3.18248	-1.8032	-4.86925
1477010456050000	-4.2683	2.99734	5.20682	4.33308	-0.0524392	radar	1.00222	-4.27467	2.88187	-4.19571	2.93919	-1.82113	-4.86104
1477010456100000	-4.35392	2.73003	5.22423	4.33762	-0.0443022	lidar	1.69351	-4.32451	2.55034	-4.28727	2.69633	-1.84065	-4.85202
1477010456150000	-4.44283	2.47981	5.22791	4.34137	-0.0336232	radar	0.235344	-4.38481	2.39989	-4.37985	2.45393	-1.86173	-4.84218
1477010456200000	-4.54362	2.22135	5.24333	4.34025	-0.0321716	lidar	1.05831	-4.61223	2.09192	-4.47352	2.21205	-1.88436	-4.83149
1477010456250000	-4.65621	1.98677	5.24198	4.31475	-0.0849534	radar	3.996	-4.29257	1.92854	-4.56836	1.97072	-1.90853	-4.81994
1477010456300000	-4.76626	1.724	5.26413	4.31171	-0.0822521	lidar	2.27766	-4.86829	1.53442	-4.66444	1.72998	-1.93422	-4.80751
1477010456350000	-4.89022	1.47952	5.27561	4.29255	-0.112428	radar	0.979194	-4.98165	1.43611	-4.76186	1.48989	-1.9614	-4.79417
1477010456400000	-4.95404	1.23267	5.26279	4.3009	-0.0987445	lidar	4.31869	-4.66779	1.28643	-4.86066	1.25049	-1.99007	-4.7799
1477010456450000	-5.05445	1.00374	5.24964	4.29805	-0.092986	radar	0.732228	-4.98594	1.10894	-4.96095	1.01182	-2.02019	-4.76468
1477010456500000	-5.11954	0.759299	5.23658	4.30607	-0.0804249	lidar	3.77594	-4.85498	0.825661	-5.06277	0.77393	-2.05174	-4.74848
1477010456550000	-5.20858	0.481245	5.26538	4.30883	-0.0793088	radar	5.68305	-4.84736	0.18101	-5.16621	0.536876	-2.08471	-4.73127
1477010456600000	-5.28542	0.233852	5.25933	4.31382	-0.0699241	lidar	1.38412	-5.1231	0.257311	-5.27133	0.300706	-2.11906	-4.71303
1477010456650000	-5.39641	-0.00330266	5.25625	4.31605	-0.0488583	radar	5.91301	-5.99809	-0.290765	-5.3782	0.0654719	-2.15477	-4.69374
1477010456700000	-5.46941	-0.250404	5.24914	4.32309	-0.0386975	lidar	1.54997	-5.29972	-0.212982	-5.4869	-0.168772	-2.1918	-4.67335
1477010456750000	-5.59318	-0.453443	5.22358	4.30331	-0.063843	radar	3.92318	-5.64447	-0.144522	-5.59748	-0.401971	-2.23014	-4.65185
1477010456800000	-5.73319	-0.653552	5.20232	4.28086	-0.0869316	lidar	3.11621	-5.85359	-0.445801	-5.71001	-0.634069	-2.26974	-4.62919
1477010456850000	-5.84764	-0.880808	5.20102	4.26071	-0.124453	radar	5.35804	-5.30947	-0.724468	-5.82456	-0.865006	-2.31058	-4.60536
1477010456900000	-5.94114	-1.13838	5.21452	4.26625	-0.110104	lidar	1.1263	-5.87835	-1.26863	-5.94118	-1.09472	-2.35262	-4.58032
1477010456950000	-6.02793	-1.3977	5.22643	4.27413	-0.0944823	radar	2.6526	-5.68069	-1.52871	-6.05993	-1.32316	-2.39581	-4.55404
1477010457000000	-6.16729	-1.61086	5.21676	4.25527	-0.111623	lidar	1.18602	-6.27263	-1.50938	-6.18087	-1.55025	-2.44014	-4.52648
1477010457050000	-6.30989	-1.83674	5.22878	4.22251	-0.168965	radar	4.26866	-6.11355	-1.75966	-6.30406	-1.77593	-2.48555	-4.49762
1477010457100000	-6.41436	-2.08115	5.23391	4.22371	-0.157193	lidar	0.482846	-6.34007	-2.13685	-6.42954	-2.00014	-2.532	-4.46742
1477010457150000	-6.56686	-2.28963	5.22534	4.20222	-0.172381	radar	3.06212	-6.99344	-2.17445	-6.55738	-2.22281	-2.57946	-4.43585
1477010457200000	-6.71608	-2.50147	5.22013	4.18302	-0.185411	lidar	0.509004	-6.79288	-2.4458	-6.68761	-2.44386	-2.62788	-4.40288
1477010457250000	-6.87208	-2.71357	5.22035	4.16076	-0.204499	radar	1.17421	-7.14408	-2.67584	-6.82029	-2.66323	-2.6772	-4.36847
1477010457300000	-6.96292	-2.97209	5.23285	4.17554	-0.173444	lidar	2.46405	-6.8003	-3.10086	-6.95546	-2.88084	-2.7274	-4.3326
1477010457350000	-7.0925	-3.19779	5.22968	4.17202	-0.162761	radar	0.208367	-7.13937	-3.22028	-7.09316	-3.09663	-2.7784	-4.29523
1477010457400000	-7.21834	-3.40365	5.21139	4.16229	-0.165472	lidar	1.43212	-7.12118	-3.26434	-7.23344	-3.3105	-2.83017	-4.25632
1477010457450000	-7.36333	-3.64133	5.22759	4.1561	-0.161768	radar	4.41223	-7.77186	-4.08999	-7.37632	-3.5224	-2.88265	-4.21586
1477010457500000	-7.52506	-3.80325	5.18932	4.1243	-0.192236	lidar	5.18054	-7.49009	-3.49081	-7.52184	-3.73223	-2.93579	-4.1738
1477010457550000	-7.66933	-4.01355	5.18688	4.11213	-0.197587	radar	0.501661	-7.52393	-3.88213	-7.67004	-3.93992	-2.98953	-4.13012
1477010457600000	-7.82368	-4.23403	5.19562	4.10195	-0.197666	lidar	0.362923	-7.88049	-4.29783	-7.82094	-4.14538	-3.04381	-4.08479
1477010457650000	-7.97415	-4.45061	5.19864	4.09391	-0.1942	radar	0.348137	-8.08524	-4.57834	-7.97457	-4.34854	-3.09857	-4.03778
1477010457700000	-8.13439	-4.67783	5.21492	4.08587	-0.191633	lidar	1.12996	-8.22492	-4.79812	-8.13095	-4.5493	-3.15376	-3.98906
1477010457750000	-8.27439	-4.89138	5.20081	4.09025	-0.162978	radar	2.6571	-8.453	-4.95621	-8.2901	-4.74759	-3.2093	-3.93862
1477010457800000	-8.40823	-5.11006	5.19875	4.09067	-0.152464	lidar	0.293558	-8.33552	-5.1059	-8.45204	-4.94331	-3.26514	-3.88641
1477010457850000	-8.55506	-5.29728	5.17004	4.08528	-0.14058	radar	4.69	-8.55062	-4.79248	-8.61678	-5.13637	-3.32121	-3.83242
1477010457900000	-8.74814	-5.49023	5.17712	4.05985	-0.16308	lidar	1.55087	-8.91477	-5.51752	-8.78433	-5.32669	-3.37745	-3.77663
1477010457950000	-8.9055	-5.69321	5.17145	4.05417	-0.156237	radar	0.527418	-9.04115	-5.69364	-8.95469	-5.51417	-3.43377	-3.71901
1477010458000000	-9.06649	-5.88144	5.16142	4.04115	-0.16283	lidar	0.373892	-9.03391	-5.80267	-9.12788	-5.69872	-3.49012	-3.65955
1477010458050000	-9.20511	-6.06187	5.12601	4.04107	-0.144981	radar	7.78943	-8.86897	-5.41973	-9.30388	-5.88026	-3.54643	-3.59823
1477010458100000	-9.39402	-6.18035	5.08267	4.00022	-0.187013	lidar	7.16143	-9.30811	-5.82368	-9.4827	-6.05868	-3.60261	-3.53503
1477010458150000	-9.56563	-6.36915	5.07887	3.99078	-0.184054	radar	0.988365	-9.80646	-6.41174	-9.66432	-6.23389	-3.6586	-3.46994
1477010458200000	-9.71142	-6.56939	5.07504	3.99245	-0.170819	lidar	0.414294	-9.62547	-6.55958	-9.84874	-6.4058	-3.71431	-3.40295
1477010458250000	-9.92957	-6.72816	5.08276	3.95539	-0.208238	radar	6.41485	-10.6688	-6.35543	-10.0359	-6.57431	-3.76969	-3.33404
1477010458300000	-10.1374	-6.88355	5.08046	3.92529	-0.232357	lidar	0.635299	-10.2246	-6.83402	-10.2259	-6.73933	-3.82463	-3.26321
1477010458350000	-10.3204	-7.04889	5.07474	3.90836	-0.239801	radar	1.26029	-10.2205	-6.71044	-10.4186	-6.90075	-3.87907	-3.19046
1477010458400000	-10.5502	-7.21195	5.09171	3.87728	-0.262524	lidar	2.66274	-10.7616	-7.29159	-10.614	-7.05849	-3.93293	-3.11577
1477010458450000	-10.755	-7.35706	5.08559	3.85089	-0.279441	radar	2.19417	-10.8944	-6.83335	-10.8121	-7.21245	-3.98613	-3.03916
1477010458500000	-10.9995	-7.50324	5.10268	3.8146	-0.305922	lidar	2.84422	-11.2219	-7.56979	-11.0128	-7.36252	-4.03859	-2.96062
1477010458550000	-11.1906	-7.64989	5.08638	3.79936	-0.305501	radar	1.66034	-10.986	-7.3707	-11.2161	-7.50862	-4.09021	-2.88015
1477010458600000	-11.3462	-7.80612	5.06076	3.79936	-0.288254	lidar	4.08159	-11.0934	-7.6776	-11.422	-7.65064	-4.14093	-2.79777
1477010458650000	-11.5447	-7.93896	5.04376	3.77905	-0.295539	radar	2.4723	-11.4213	-7.46085	-11.6304	-7.78849	-4.19066	-2.71349
1477010458700000	-11.7336	-8.04631	5.01214	3.75374	-0.310137	lidar	4.6881	-11.5269	-7.8215	-11.8413	-7.92208	-4.23932	-2.6273
1477010458750000	-11.9349	-8.16737	4.98485	3.73247	-0.317289	radar	3.33582	-11.9422	-7.88317	-12.0546	-8.05131	-4.28682	-2.53924
1477010458800000	-12.1563	-8.25538	4.96771	3.69432	-0.345332	lidar	1.75964	-12.09	-8.08828	-12.2702	-8.17609	-4.33309	-2.44932
1477010458850000	-12.3774	-8.3774	4.97854	3.67254	-0.349947	radar	1.92585	-12.4462	-8.02117	-12.4881	-8.29633	-4.37802	-2.35756
1477010458900000	-12.5874	-8.45673	4.95309	3.63916	-0.370828	lidar	3.35113	-12.4231	-8.2599	-12.7082	-8.41193	-4.42156	-2.26399
1477010458950000	-12.804	-8.54463	4.92778	3.60817	-0.389316	radar	3.10021	-12.7461	-8.19449	-12.9304	-8.5228	-4.4636	-2.16863
1477010459000000	-13.0734	-8.62284	4.94743	3.5642	-0.417318	lidar	2.5702	-13.2911	-8.64594	-13.1547	-8.62886	-4.50407	-2.07151
1477010459050000	-13.3167	-8.71685	4.96085	3.53836	-0.421022	radar	2.05157	-13.7929	-8.47158	-13.381	-8.73002	-4.54289	-1.97267
1477010459100000	-13.5422	-8.76186	4.93864	3.49804	-0.445969	lidar	3.07652	-13.384	-8.57583	-13.6092	-8.82619	-4.57997	-1.87214
1477010459150000	-13.7742	-8.79932	4.91024	3.4511	-0.483637	radar	5.11832	-13.6376	-8.26344	-13.8392	-8.91729	-4.61524	-1.76997
1477010459200000	-13.9948	-8.90675	4.91267	3.44502	-0.46186	lidar	0.463227	-13.9959	-8.99264	-14.0709	-9.00324	-4.64861	-1.6662
1477010459250000	-14.2358	-8.9935	4.93127	3.43297	-0.441101	radar	2.23259	-14.4737	-8.79552	-14.3043	-9.08395	-4.68001	-1.56086
1477010459300000	-14.4541	-9.1019	4.92962	3.43184	-0.4165	lidar	0.532912	-14.4273	-9.1875	-14.5391	-9.15936	-4.70936	-1.45402
1477010459350000	-14.6874	-9.1681	4.92387	3.40914	-0.421197	radar	0.32223	-14.5757	-9.32634	-14.7754	-9.22939	-4.73658	-1.34573
1477010459400000	-14.9614	-9.16437	4.93464	3.35298	-0.461568	lidar	1.61076	-15.062	-9.04396	-15.013	-9.29397	-4.76161	-1.23603
1477010459450000	-15.2129	-9.23585	4.94885	3.33945	-0.447861	radar	4.08278	-15.6189	-9.69365	-15.2517	-9.35302	-4.78436	-1.125
1477010459500000	-15.4637	-9.34921	4.96979	3.34625	-0.411557	lidar	4.70598	-15.6682	-9.56749	-15.4916	-9.40649	-4.80476	-1.01269
1477010459550000	-15.7123	-9.37529	4.96272	3.30949	-0.438232	radar	1.79321	-15.9382	-9.35751	-15.7324	-9.45431	-4.82275	-0.899159
1477010459600000	-15.9614	-9.45934	4.97434	3.30748	-0.413825	lidar	1.85362	-16.0862	-9.59819	-15.9741	-9.49642	-4.83827	-0.784484
1477010459650000	-16.2152	-9.46596	4.97218	3.26783	-0.440846	radar	2.20871	-16.6033	-8.85459	-16.2164	-9.53277	-4.85124	-0.668734
1477010459700000	-16.4649	-9.45994	4.96989	3.22995	-0.45952	lidar	0.567505	-16.4229	-9.37029	-16.4594	-9.5633	-4.8616	-0.55198
1477010459750000	-16.6954	-9.45238	4.94968	3.19235	-0.483581	radar	5.49697	-16.011	-9.33486	-16.7027	-9.58797	-4.8693	-0.434301
1477010459800000	-16.9663	-9.44241	4.9675	3.15779	-0.493767	lidar	1.13235	-17.1132	-9.43043	-16.9464	-9.60673	-4.87427	-0.315773
1477010459850000	-17.2143	-9.50264	4.97478	3.16474	-0.450153	radar	7.85534	-16.9255	-10.8571	-17.1903	-9.61954	-4.87646	-0.196479
1477010459900000	-17.4695	-9.52174	4.9812	3.14914	-0.441563	lidar	0.438593	-17.5448	-9.57485	-17.4342	-9.62636	-4.87583	-0.0765024
1477010459950000	-17.726	-9.51074	4.98487	3.11853	-0.455847	radar	1.59996	-18.1371	-9.39146	-17.6781	-9.62717	-4.87232	0.0440703
1477010460000000	-17.978	-9.47904	4.98728	3.08545	-0.467348	lidar	0.197715	-17.9724	-9.42299	-17.9216	-9.62194	-4.86588	0.165151
1477010460050000	-18.225	-9.43866	4.98347	3.04647	-0.492468	radar	0.692835	-18.3083	-9.18778	-18.1648	-9.61064	-4.85648	0.286648
1477010460100000	-18.4414	-9.47658	4.95585	3.05013	-0.463321	lidar	2.6143	-18.2763	-9.60997	-18.4074	-9.59325	-4.84408	0.40847
1477010460150000	-18.6802	-9.4603	4.95137	3.03514	-0.448938	radar	1.76972	-18.2443	-9.58547	-18.6493	-9.56977	-4.82864	0.530522
1477010460200000	-18.9266	-9.45442	4.95045	3.02274	-0.437664	lidar	0.264064	-18.9545	-9.51544	-18.8904	-9.54017	-4.81012	0.652707
1477010460250000	-19.1601	-9.4124	4.94329	2.99956	-0.435415	radar	4.10203	-18.6983	-9.02886	-19.1305	-9.50447	-4.78851	0.774927
1477010460300000	-19.3987	-9.29934	4.94657	2.94529	-0.471735	lidar	2.93478	-19.2983	-9.09865	-19.3694	-9.46265	-4.76378	0.897083
1477010460350000	-19.6348	-9.21919	4.9431	2.90252	-0.502463	radar	1.14912	-19.7037	-8.79906	-19.6069	-9.41472	-4.73591	1.01907
1477010460400000	-19.8775	-9.104	4.95372	2.85501	-0.526402	lidar	1.20266	-19.8731	-8.96417	-19.8431	-9.36071	-4.70487	1.1408
1477010460450000	-20.1122	-9.00469	4.95702	2.81847	-0.536292	radar	4.95277	-20.3815	-7.6755	-20.0775	-9.30061	-4.67066	1.26215
1477010460500000	-20.3169	-9.10646	4.89847	2.86425	-0.462819	lidar	15.962	-20.1607	-9.59663	-20.3102	-9.23446	-4.63328	1.38303
1477010460550000	-20.5571	-9.05845	4.89925	2.8529	-0.446407	radar	1.52018	-20.4587	-9.7448	-20.5409	-9.16227	-4.59271	1.50334
1477010460600000	-20.7761	-8.96823	4.89144	2.82188	-0.456862	lidar	0.846857	-20.6596	-8.91527	-20.7696	-9.08409	-4.54895	1.62296
1477010460650000	-21.0159	-8.88453	4.89873	2.79554	-0.46377	radar	2.18577	-21.5568	-8.5005	-20.9959	-8.99994	-4.50202	1.74179
1477010460700000	-21.2187	-8.81293	4.87416	2.77488	-0.463552	lidar	2.08414	-21.0195	-8.85081	-21.2198	-8.90987	-4.45191	1.85972
1477010460750000	-21.4513	-8.71986	4.87901	2.74702	-0.474142	radar	1.70873	-21.8628	-8.64129	-21.4412	-8.81393	-4.39865	1.97666
1477010460800000	-21.6554	-8.68673	4.84508	2.74527	-0.453512	lidar	3.21243	-21.5029	-8.87191	-21.6597	-8.71217	-4.34224	2.0925
1477010460850000	-21.8516	-8.52876	4.83998	2.67794	-0.527006	radar	6.81242	-21.9514	-7.41274	-21.8754	-8.60465	-4.2827	2.20712
1477010460900000	-22.057	-8.45568	4.8204	2.66463	-0.514719	lidar	1.08452	-21.9793	-8.57089	-22.0881	-8.49143	-4.22007	2.32043
1477010460950000	-22.2676	-8.33964	4.82079	2.64294	-0.502726	radar	1.86457	-22.1914	-7.70392	-22.2975	-8.37258	-4.15437	2.43232
1477010461000000	-22.4915	-8.25485	4.81937	2.63231	-0.487133	lidar	1.00733	-22.5838	-8.35296	-22.5035	-8.24817	-4.08564	2.5427
1477010461050000	-22.6873	-8.12522	4.81262	2.59722	-0.506469	radar	1.25591	-22.3177	-8.57758	-22.7061	-8.11829	-4.01391	2.65145
1477010461100000	-22.8987	-7.92157	4.84809	2.54576	-0.531014	lidar	3.97459	-22.9861	-7.6724	-22.9049	-7.98301	-3.93923	2.75848
1477010461150000	-23.0899	-7.76722	4.84806	2.49782	-0.574665	radar	3.56027	-23.2693	-8.32031	-23.1	-7.84243	-3.86163	2.8637
1477010461200000	-23.3048	-7.60996	4.86862	2.47063	-0.570743	lidar	1.61296	-23.4777	-7.56583	-23.2911	-7.69663	-3.78118	2.967
1477010461250000	-23.5035	-7.47029	4.86979	2.46058	-0.534236	radar	1.70558	-23.473	-7.02103	-23.4781	-7.54572	-3.69792	3.06828
1477010461300000	-23.6726	-7.32203	4.85395	2.4324	-0.537606	lidar	0.956197	-23.5408	-7.36069	-23.6609	-7.3898	-3.61191	3.16746
1477010461350000	-23.8614	-7.16382	4.8577	2.41193	-0.524297	radar	0.848728	-24.0505	-6.56968	-23.8393	-7.22897	-3.52321	3.26445
1477010461400000	-24.0327	-7.05418	4.82533	2.40079	-0.512203	lidar	2.84393	-23.9384	-7.26171	-24.0132	-7.06336	-3.43189	3.35916
1477010461450000	-24.1989	-6.87095	4.82847	2.36278	-0.531698	radar	1.85616	-24.3577	-5.94086	-24.1825	-6.89307	-3.33801	3.45149
1477010461500000	-24.3479	-6.64111	4.84637	2.3141	-0.552863	lidar	2.8621	-24.2574	-6.4352	-24.347	-6.71823	-3.24166	3.54138
1477010461550000	-24.5145	-6.46427	4.84804	2.28164	-0.568605	radar	3.42031	-24.788	-7.18367	-24.5066	-6.53896	-3.14289	3.62873
1477010461600000	-24.6247	-6.30209	4.80695	2.24804	-0.578719	lidar	6.27919	-24.3008	-6.43799	-24.6612	-6.35538	-3.0418	3.71347
1477010461650000	-24.7658	-6.10851	4.80546	2.21613	-0.582053	radar	0.358664	-24.6108	-6.00878	-24.8107	-6.16764	-2.93846	3.79553
1477010461700000	-24.9398	-5.92132	4.82027	2.19762	-0.569337	lidar	2.18515	-25.146	-5.91902	-24.955	-5.97587	-2.83295	3.87484
1477010461750000	-25.07	-5.71611	4.82036	2.16702	-0.568094	radar	1.8789	-24.8975	-5.02285	-25.094	-5.7802	-2.72537	3.95132
1477010461800000	-25.2044	-5.53922	4.80615	2.14501	-0.563155	lidar	0.602081	-25.1941	-5.64372	-25.2276	-5.58079	-2.61581	4.02492
1477010461850000	-25.3571	-5.35254	4.80743	2.13831	-0.52506	radar	1.30459	-25.5328	-5.4399	-25.3556	-5.37777	-2.50435	4.09557
1477010461900000	-25.4947	-5.14196	4.8174	2.11395	-0.521981	lidar	0.379012	-25.5713	-5.10241	-25.4779	-5.1713	-2.39109	4.16322
1477010461950000	-25.6289	-4.95658	4.80718	2.10879	-0.482266	radar	6.64336	-25.0178	-6.55904	-25.5946	-4.96152	-2.27613	4.22781
1477010462000000	-25.7454	-4.77488	4.78742	2.08889	-0.480029	lidar	0.961059	-25.6952	-4.89995	-25.7055	-4.7486	-2.15956	4.2893
1477010462050000	-25.866	-4.56791	4.78762	2.07108	-0.466919	radar	0.249579	-25.8162	-4.40681	-25.8105	-4.53268	-2.04149	4.34764
1477010462100000	-25.9722	-4.34001	4.79656	2.04259	-0.471351	lidar	0.31846	-25.9516	-4.26659	-25.9096	-4.31392	-1.92202	4.40279
1477010462150000	-26.0804	-4.12149	4.80215	2.00068	-0.518122	radar	10.8619	-26.8953	-4.43966	-26.0027	-4.0925	-1.80125	4.45471
1477010462200000	-26.1638	-3.8615	4.82563	1.96298	-0.528075	lidar	1.95425	-26.1198	-3.67723	-26.0897	-3.86856	-1.67928	4.50337
1477010462250000	-26.2371	-3.6284	4.82838	1.91333	-0.577676	radar	3.53526	-26.5652	-3.85723	-26.1706	-3.64227	-1.55623	4.54875
1477010462300000	-26.2643	-3.36687	4.8331	1.8626	-0.599665	lidar	4.5798	-25.9974	-3.24722	-26.2453	-3.41381	-1.4322	4.59081
1477010462350000	-26.3133	-3.12659	4.83465	1.81736	-0.628396	radar	0.574896	-26.2976	-3.01078	-26.3138	-3.18332	-1.30729	4.62954
1477010462400000	-26.339	-2.88541	4.82888	1.77524	-0.639936	lidar	1.42839	-26.1741	-2.87885	-26.376	-2.95098	-1.18162	4.66493
1477010462450000	-26.3973	-2.65711	4.82554	1.75198	-0.626365	radar	1.35133	-26.4681	-3.44967	-26.4319	-2.71697	-1.05529	4.69696
1477010462500000	-26.4787	-2.47474	4.79473	1.74113	-0.609165	lidar	5.79966	-26.674	-2.73852	-26.4815	-2.48143	-0.928411	4.72562
1477010462550000	-26.5336	-2.23948	4.79656	1.72433	-0.58334	radar	0.946551	-26.657	-1.72382	-26.5247	-2.24456	-0.80109	4.75091
1477010462600000	-26.5851	-2.03064	4.77854	1.70412	-0.576307	lidar	1.4681	-26.6691	-2.17333	-26.5616	-2.0065	-0.673434	4.77284
1477010462650000	-26.6159	-1.79193	4.77811	1.68438	-0.553758	radar	1.99236	-26.3248	-1.32261	-26.5921	-1.76744	-0.545553	4.79141
1477010462700000	-26.6126	-1.54871	4.77668	1.64677	-0.563999	lidar	1.13293	-26.4671	-1.53207	-26.6161	-1.52753	-0.417552	4.80664
1477010462750000	-26.6099	-1.31309	4.77336	1.60479	-0.59084	radar	1.75707	-26.4998	-2.19526	-26.6338	-1.28695	-0.289538	4.81852
1477010462800000	-26.6129	-1.08492	4.76456	1.57523	-0.591789	lidar	0.183819	-26.5998	-1.14277	-26.6451	-1.04586	-0.161616	4.8271
1477010462850000	-26.6421	-0.854418	4.76235	1.56004	-0.572992	radar	5.19331	-27.2008	-1.67679	-26.65	-0.804425	-0.0338883	4.83238
1477010462900000	-26.6516	-0.614043	4.76652	1.53682	-0.567024	lidar	0.387883	-26.7355	-0.59539	-26.6485	-0.562811	0.0935412	4.83439
1477010462950000	-26.6385	-0.373915	4.77104	1.49945	-0.589298	radar	2.16566	-26.9891	0.0351487	-26.6406	-0.321181	0.220572	4.83317
1477010463000000	-26.5915	-0.105899	4.7942	1.46001	-0.597136	lidar	2.43654	-26.4553	0.0602653	-26.6264	-0.0796947	0.347104	4.82874
1477010463050000	-26.572	0.131209	4.79565	1.43081	-0.601388	radar	2.73898	-26.9537	0.136943	-26.6059	0.161489	0.473041	4.82116
1477010463100000	-26.548	0.399257	4.8227	1.40566	-0.593649	lidar	1.90522	-26.6201	0.57588	-26.5792	0.402213	0.598287	4.81045
1477010463150000	-26.5356	0.636221	4.81985	1.39609	-0.558852	radar	1.74268	-26.8241	0.381506	-26.5462	0.642323	0.722748	4.79667
1477010463200000	-26.5283	0.90142	4.84426	1.38247	-0.541841	lidar	3.46675	-26.7293	1.06082	-26.5069	0.881666	0.846334	4.77986
1477010463250000	-26.4907	1.15003	4.84824	1.37466	-0.497649	radar	7.37006	-25.9562	2.60409	-26.4616	1.12009	0.968955	4.76007
1477010463300000	-26.434	1.39223	4.85285	1.34768	-0.499371	lidar	0.112405	-26.3986	1.42212	-26.4101	1.35745	1.09053	4.73737
1477010463350000	-26.3951	1.61784	4.84068	1.33562	-0.475805	radar	8.06884	-26.5072	-0.563928	-26.3526	1.59361	1.21096	4.71181
1477010463400000	-26.3394	1.8435	4.83292	1.31255	-0.475713	lidar	0.153453	-26.3594	1.79315	-26.2891	1.82841	1.33018	4.68345
1477010463450000	-26.2718	2.07385	4.83221	1.28467	-0.484549	radar	0.201657	-26.3475	1.82827	-26.2197	2.06173	1.44811	4.65235
1477010463500000	-26.2079	2.28668	4.8163	1.26166	-0.484527	lidar	0.63537	-26.2502	2.18481	-26.1444	2.29342	1.56467	4.61859
1477010463550000	-26.1452	2.51728	4.81324	1.25112	-0.456494	radar	0.823594	-26.069	2.27896	-26.0633	2.52336	1.67979	4.58223
1477010463600000	-26.0671	2.75427	4.82125	1.22909	-0.455097	lidar	0.146326	-26.0641	2.80701	-25.9765	2.75141	1.79339	4.54334
1477010463650000	-25.9725	2.9754	4.82387	1.18838	-0.495164	radar	2.86599	-26.3234	3.02388	-25.8841	2.97746	1.90543	4.502
1477010463700000	-25.8748	3.23183	4.85305	1.16518	-0.491498	lidar	1.9395	-25.8345	3.42005	-25.7861	3.20139	2.01582	4.45828
1477010463750000	-25.7925	3.45787	4.85401	1.14553	-0.488125	radar	2.16146	-26.1824	3.73376	-25.6826	3.42306	2.12452	4.41227
1477010463800000	-25.6857	3.67069	4.84917	1.11897	-0.49068	lidar	0.0869619	-25.6666	3.63509	-25.5737	3.64239	2.23146	4.36404
1477010463850000	-25.5689	3.88001	4.84604	1.08826	-0.501162	radar	1.07822	-25.5773	3.13316	-25.4596	3.85924	2.3366	4.31367
1477010463900000	-25.4979	4.08203	4.82615	1.07653	-0.488881	lidar	3.64098	-25.7492	3.99968	-25.3402	4.07353	2.43989	4.26125
1477010463950000	-25.3742	4.2873	4.82395	1.04774	-0.495614	radar	0.606579	-25.3516	3.75691	-25.2157	4.28514	2.54127	4.20686
1477010464000000	-25.2168	4.49677	4.83536	1.01191	-0.5062	lidar	2.04162	-25.0214	4.52803	-25.0863	4.49399	2.64071	4.15058
1477010464050000	-25.066	4.6949	4.83357	0.987632	-0.491918	radar	8.93307	-24.2719	4.30917	-24.9518	4.69998	2.73817	4.09251
1477010464100000	-24.9463	4.8949	4.82859	0.968136	-0.486999	lidar	0.427372	-25.0363	4.88499	-24.8126	4.90303	2.83361	4.03273
1477010464150000	-24.7903	5.08635	4.8294	0.938354	-0.491053	radar	2.30804	-24.3609	4.95947	-24.6686	5.10304	2.92701	3.97132
1477010464200000	-24.6256	5.28907	4.84399	0.90933	-0.494611	lidar	0.970809	-24.5041	5.35293	-24.5201	5.29995	3.01833	3.90839
1477010464250000	-24.4544	5.46526	4.84643	0.866022	-0.529163	radar	0.974323	-24.4379	5.24592	-24.367	5.49367	3.10754	3.84401
1477010464300000	-24.2682	5.63831	4.84992	0.829414	-0.539482	lidar	1.25576	-24.1159	5.61152	-24.2095	5.68414	3.19464	3.77827
1477010464350000	-24.1012	5.80346	4.84528	0.793576	-0.558837	radar	3.19446	-24.5638	4.75836	-24.0477	5.8713	3.27959	3.71127
1477010464400000	-23.9265	5.9682	4.8424	0.763666	-0.561144	lidar	0.0392801	-23.9153	5.94377	-23.8818	6.05508	3.36239	3.64309
1477010464450000	-23.7803	6.16006	4.83495	0.77237	-0.489545	radar	4.73566	-23.5491	6.44495	-23.7117	6.23542	3.44302	3.57383
1477010464500000	-23.6104	6.32103	4.82864	0.74807	-0.489894	lidar	0.115684	-23.6471	6.29102	-23.5377	6.41227	3.52148	3.50357
1477010464550000	-23.4593	6.50199	4.8228	0.745769	-0.452035	radar	1.91069	-23.7544	6.53746	-23.3598	6.58559	3.59775	3.4324
1477010464600000	-23.2467	6.69414	4.86055	0.721588	-0.45072	lidar	4.32584	-23.0099	6.86182	-23.1781	6.75533	3.67185	3.36041
1477010464650000	-23.05	6.83979	4.85587	0.696885	-0.44621	radar	5.53281	-22.7862	5.74143	-22.9928	6.92146	3.74376	3.28768
1477010464700000	-22.8412	7.00306	4.87336	0.671482	-0.448194	lidar	1.21479	-22.6991	7.063	-22.804	7.08393	3.8135	3.21431
1477010464750000	-22.6302	7.13597	4.87542	0.635329	-0.469265	radar	1.52451	-22.418	6.76159	-22.6117	7.24273	3.88106	3.14038
1477010464800000	-22.4435	7.2868	4.87469	0.61708	-0.46381	lidar	0.265049	-22.5083	7.31524	-22.4161	7.39782	3.94647	3.06598
1477010464850000	-22.2188	7.40429	4.88512	0.566493	-0.515462	radar	2.71579	-22.0543	7.85452	-22.2173	7.54917	4.00974	2.99118
1477010464900000	-22.0387	7.56776	4.89016	0.5577	-0.497114	lidar	2.18765	-22.1947	7.69478	-22.0154	7.69679	4.07087	2.91607
1477010464950000	-21.8558	7.73412	4.88975	0.56326	-0.445854	radar	5.84439	-21.6178	9.0351	-21.8105	7.84064	4.12989	2.84074
1477010465000000	-21.6492	7.87779	4.8979	0.546027	-0.439868	lidar	0.214957	-21.6473	7.94	-21.6026	7.98072	4.18681	2.76526
1477010465050000	-21.4565	8.01527	4.89101	0.536562	-0.420064	radar	1.55642	-21.8637	7.78661	-21.392	8.11703	4.24166	2.68971
1477010465100000	-21.2192	8.07314	4.87165	0.489428	-0.449246	lidar	4.22417	-21.0853	7.83229	-21.1787	8.24957	4.29447	2.61417
1477010465150000	-21.0265	8.23153	4.86905	0.505476	-0.379991	radar	6.61395	-20.5503	9.28616	-20.9628	8.37833	4.34526	2.53871
1477010465200000	-20.8459	8.38479	4.86689	0.505667	-0.359495	lidar	3.09564	-21.0519	8.50983	-20.7444	8.50333	4.39406	2.46341
1477010465250000	-20.6099	8.4882	4.88058	0.470278	-0.390452	radar	4.34246	-19.9265	9.40847	-20.5237	8.62457	4.4409	2.38835
1477010465300000	-20.3696	8.61334	4.90386	0.451887	-0.387956	lidar	1.59914	-20.21	8.68914	-20.3006	8.74206	4.48582	2.31358
1477010465350000	-20.1684	8.74847	4.89671	0.459764	-0.339382	radar	1.91002	-20.2277	8.8532	-20.0753	8.85583	4.52884	2.23919
1477010465400000	-19.9629	8.85917	4.88847	0.446954	-0.335343	lidar	0.517051	-20.0633	8.86724	-19.848	8.96589	4.57001	2.16524
1477010465450000	-19.7592	8.98657	4.88058	0.453236	-0.293545	radar	1.57732	-19.9264	8.78179	-19.6186	9.07227	4.60937	2.09179
1477010465500000	-19.5312	9.06466	4.87356	0.427884	-0.305266	lidar	0.651563	-19.4861	8.96665	-19.3873	9.17499	4.64694	2.01891
1477010465550000	-19.2961	9.16652	4.88581	0.407738	-0.31504	radar	4.35699	-18.5719	10.2069	-19.1542	9.27409	4.68278	1.94666
1477010465600000	-19.0215	9.24319	4.91334	0.37686	-0.330106	lidar	6.1422	-18.6786	9.19191	-18.9193	9.36959	4.71692	1.8751
1477010465650000	-18.8014	9.33086	4.90738	0.360249	-0.332476	radar	1.61399	-19.2825	8.98189	-18.6827	9.46154	4.7494	1.80429
1477010465700000	-18.5533	9.42577	4.92495	0.344273	-0.331053	lidar	0.944935	-18.4242	9.46852	-18.4446	9.54996	4.78028	1.73429
1477010465750000	-18.2918	9.45131	4.93302	0.287452	-0.397398	radar	5.98429	-18.1634	8.72444	-18.2049	9.63492	4.80959	1.66514
1477010465800000	-18.021	9.56228	4.97571	0.277965	-0.384263	lidar	4.57805	-17.7736	9.72478	-17.9639	9.71643	4.83737	1.59691
1477010465850000	-17.7796	9.64669	4.97788	0.27461	-0.353162	radar	2.95102	-17.2296	9.97767	-17.7214	9.79457	4.86368	1.52964
1477010465900000	-17.516	9.74897	5.00971	0.267224	-0.340426	lidar	2.4952	-17.3436	9.88109	-17.4777	9.86936	4.88856	1.46338
1477010465950000	-17.2734	9.81724	5.01297	0.249764	-0.343557	radar	0.59775	-17.1554	10.212	-17.2328	9.94087	4.91205	1.39818
1477010466000000	-17.0125	9.93686	5.04736	0.252563	-0.320205	lidar	3.27049	-16.8876	10.145	-16.9868	10.0091	4.93421	1.33408
1477010466050000	-16.7635	9.99467	5.0505	0.233501	-0.32528	radar	0.202099	-16.5958	10.1078	-16.7396	10.0743	4.95507	1.27113
1477010466100000	-16.5165	10.1088	5.07013	0.238621	-0.301268	lidar	2.29743	-16.5153	10.3091	-16.4915	10.1362	4.97469	1.20937
1477010466150000	-16.2667	10.1668	5.07497	0.219427	-0.311066	radar	0.80472	-16.09	10.5824	-16.2424	10.1952	4.99311	1.14883
1477010466200000	-16.0175	10.2121	5.07364	0.200773	-0.314461	lidar	0.0508615	-16.006	10.1843	-15.9924	10.2511	5.01039	1.08956
1477010466250000	-15.7718	10.2735	5.0725	0.193902	-0.299363	radar	0.235615	-15.7234	10.41	-15.7416	10.3041	5.02655	1.03159
1477010466300000	-15.5295	10.291	5.05872	0.16855	-0.311097	lidar	0.665726	-15.5699	10.1904	-15.4899	10.3543	5.04166	0.974957
1477010466350000	-15.2507	10.2976	5.08233	0.12323	-0.363628	radar	8.83364	-14.2385	10.9109	-15.2376	10.4016	5.05576	0.919692
1477010466400000	-14.9894	10.3599	5.09833	0.116885	-0.350153	lidar	0.87223	-14.9365	10.4722	-14.9846	10.4462	5.06889	0.865828
1477010466450000	-14.7396	10.3997	5.08799	0.119595	-0.30601	radar	6.17498	-14.724	9.63507	-14.7309	10.4882	5.0811	0.813394
1477010466500000	-14.4802	10.3826	5.08289	0.0863766	-0.325816	lidar	1.71955	-14.4088	10.222	-14.4766	10.5276	5.09243	0.762418
1477010466550000	-14.2217	10.4066	5.08664	0.0734977	-0.318708	radar	0.754222	-13.9005	10.5238	-14.2218	10.5645	5.10293	0.712926
1477010466600000	-13.9396	10.543	5.13482	0.102266	-0.267429	lidar	10.0284	-13.8049	10.9383	-13.9665	10.5989	5.11263	0.664944
1477010466650000	-13.6851	10.6036	5.13301	0.115844	-0.219059	radar	2.29267	-13.3956	10.7857	-13.7107	10.631	5.12159	0.618496
1477010466700000	-13.4225	10.6151	5.13622	0.0980157	-0.226483	lidar	0.447553	-13.3556	10.5517	-13.4545	10.6608	5.12983	0.573603
1477010466750000	-13.1625	10.638	5.14063	0.0847956	-0.230443	radar	0.37106	-12.9374	10.8137	-13.1979	10.6884	5.13741	0.530288
1477010466800000	-12.9063	10.7358	5.15457	0.102854	-0.197895	lidar	4.40657	-12.9591	11.0099	-12.9409	10.7138	5.14436	0.48857
1477010466850000	-12.646	10.7833	5.15968	0.105156	-0.178915	radar	1.69598	-12.2518	11.2495	-12.6836	10.7373	5.15071	0.448467
1477010466900000	-12.3911	10.7657	5.15092	0.079851	-0.196725	lidar	1.40901	-12.3713	10.6091	-12.426	10.7587	5.15651	0.409997
1477010466950000	-12.1333	10.8045	5.15145	0.0841384	-0.171409	radar	0.732925	-11.9352	10.9161	-12.1681	10.7783	5.16179	0.373177
1477010467000000	-11.8808	10.8726	5.15571	0.0936156	-0.151893	lidar	1.99586	-11.9451	11.0515	-11.91	10.7961	5.16658	0.338022
1477010467050000	-11.6102	10.8896	5.16664	0.0828839	-0.155462	radar	3.03466	-10.9703	10.9676	-11.6516	10.8121	5.17092	0.304546
1477010467100000	-11.3651	10.9145	5.15704	0.0773158	-0.153161	lidar	0.442272	-11.4548	10.9407	-11.393	10.8265	5.17484	0.272761
1477010467150000	-11.1029	10.8446	5.16238	0.00588624	-0.266833	radar	9.89636	-11.3472	10.5111	-11.1342	10.8394	5.17836	0.242681
1477010467200000	-10.8172	10.8159	5.18164	-0.01904	-0.278982	lidar	3.31035	-10.6009	10.6823	-10.8753	10.8509	5.18153	0.214317
1477010467250000	-10.5608	10.8118	5.17989	-0.03174	-0.277394	radar	0.0954154	-10.6563	10.8369	-10.6161	10.8609	5.18435	0.187679
1477010467300000	-10.3149	10.8143	5.17067	-0.040646	-0.27222	lidar	0.690051	-10.4142	10.8747	-10.3569	10.8697	5.18687	0.162776
1477010467350000	-10.0594	10.8737	5.1631	-0.00443821	-0.184373	radar	6.59903	-9.90413	11.2255	-10.0976	10.8772	5.1891	0.139618
1477010467400000	-9.79998	10.9186	5.16922	0.00419148	-0.164648	lidar	1.95325	-9.83445	11.1032	-9.83809	10.8837	5.19106	0.118212
1477010467450000	-9.55506	10.9077	5.15572	-0.00572147	-0.163372	radar	3.9318	-10.195	10.3498	-9.57852	10.8891	5.19278	0.0985664
1477010467500000	-9.29545	10.9313	5.15988	-0.0041194	-0.152705	lidar	0.600515	-9.3066	11.0348	-9.31887	10.8936	5.19428	0.0806865
1477010467550000	-9.04079	10.9174	5.15412	-0.0117476	-0.146236	radar	2.74747	-9.2226	10.3527	-9.05915	10.8972	5.19557	0.0645787
1477010467600000	-8.7802	10.9447	5.15941	-0.00748649	-0.133729	lidar	0.882353	-8.78899	11.0707	-8.79937	10.9001	5.19667	0.050248
1477010467650000	-8.52853	10.9086	5.15098	-0.0252782	-0.143897	radar	6.59718	-8.83914	10.0319	-8.53953	10.9023	5.19759	0.0376992
1477010467700000	-8.32302	10.8453	5.1025	-0.0526393	-0.165673	lidar	6.64703	-8.62045	10.6577	-8.27965	10.9039	5.19835	0.0269359
1477010467750000	-8.06565	10.8628	5.10315	-0.0404875	-0.130909	radar	1.37607	-7.91543	11.1157	-8.01974	10.905	5.19896	0.0179617
1477010467800000	-7.76881	10.8874	5.14152	-0.0339713	-0.116647	lidar	3.97166	-7.51971	11.0005	-7.75979	10.9057	5.19942	0.0107791
1477010467850000	-7.50529	10.8895	5.14415	-0.0258548	-0.0872409	radar	2.12672	-7.25987	10.6458	-7.49981	10.9061	5.19975	0.00539029
1477010467900000	-7.23767	10.8717	5.15268	-0.034137	-0.0914229	lidar	0.50219	-7.15631	10.815	-7.23983	10.9063	5.19994	0.00179692
1477010467950000	-6.98902	10.91	5.14187	-0.00474889	-0.0305678	radar	4.04045	-7.39396	11.0181	-6.97983	10.9064	5.2	-7.84874e-15
